0 0.326469 0.360051 0.037729 0.095046
0 0.544854 0.172556 0.040146 0.079167
0 0.558674 0.132972 0.038828 0.083463
0 0.631190 0.470894 0.030724 0.065935
0 0.629115 0.423995 0.049323 0.067287
0 0.640745 0.363403 0.020156 0.082435
0 0.537276 0.372722 0.036969 0.087296
0 0.490289 0.615532 0.043099 0.081269
0 0.415010 0.750981 0.051333 0.040167
0 0.341346 0.657111 0.020620 0.088130
0 0.308336 0.606806 0.027859 0.086574
0 0.403409 0.580713 0.050672 0.054981
0 0.370940 0.552051 0.052870 0.042898
0 0.302255 0.472694 0.045688 0.073815
0 0.275523 0.453991 0.030901 0.084259
0 0.277133 0.406468 0.043984 0.069435
0 0.394018 0.425843 0.046828 0.083926
0 0.270727 0.326347 0.033182 0.070102
0 0.309576 0.262236 0.028818 0.089324
0 0.296396 0.227356 0.044552 0.061343
0 0.332706 0.174097 0.053464 0.057306
0 0.422760 0.236245 0.045385 0.076028
0 0.370424 0.108653 0.050141 0.048361
0 0.429029 0.115620 0.047161 0.054981
0 0.468406 0.170606 0.049135 0.044065
0 0.454255 0.079546 0.048042 0.042111
0 0.507234 0.124005 0.022812 0.068639
