0 0.572292 0.149032 0.038760 0.080917
0 0.476115 0.135199 0.039646 0.082491
0 0.461724 0.086648 0.045521 0.062648
0 0.443812 0.213773 0.047281 0.042287
0 0.434706 0.179579 0.043755 0.063694
0 0.509888 0.168870 0.039057 0.073611
0 0.507099 0.136241 0.041115 0.078315
0 0.482281 0.229176 0.048458 0.059519
0 0.429568 0.146681 0.046990 0.044898
0 0.668979 0.512875 0.034573 0.043398
0 0.694622 0.460731 0.025891 0.081278
0 0.620846 0.284852 0.051380 0.062019
0 0.675911 0.245449 0.024250 0.089139
0 0.648956 0.230741 0.024745 0.089426
0 0.415326 0.118750 0.044932 0.073611
0 0.339323 0.348120 0.051948 0.049204
0 0.575083 0.095259 0.049042 0.044370
0 0.528094 0.076986 0.043760 0.053769
0 0.566565 0.212208 0.046693 0.066306
0 0.532500 0.199676 0.043167 0.087185
