0 0.605826 0.508769 0.044703 0.078389
0 0.640586 0.237977 0.043849 0.069620
0 0.609091 0.276505 0.043224 0.089009
0 0.683404 0.395907 0.023172 0.083593
0 0.685607 0.479986 0.022714 0.077935
0 0.669591 0.539144 0.026120 0.070269
0 0.636997 0.515259 0.045005 0.075148
0 0.602786 0.457407 0.044094 0.081630
0 0.633805 0.581486 0.041661 0.068120
0 0.645359 0.610681 0.042271 0.071361
0 0.655094 0.650954 0.039229 0.071907
0 0.586518 0.572833 0.035276 0.089741
0 0.602625 0.649065 0.040771 0.072444
0 0.612823 0.685287 0.045312 0.067037
0 0.619208 0.719343 0.034365 0.070278
0 0.571049 0.655699 0.024078 0.080361
0 0.548448 0.660338 0.021125 0.076731
0 0.526865 0.667606 0.023396 0.076731
0 0.499380 0.673264 0.029302 0.067046
0 0.561146 0.745190 0.046115 0.038769
0 0.566594 0.780926 0.036573 0.039981
0 0.527411 0.761949 0.022260 0.073102
0 0.503333 0.763162 0.021354 0.072287
0 0.472549 0.749431 0.026578 0.095713
0 0.451958 0.753829 0.024604 0.065454
0 0.410557 0.726681 0.040552 0.067880
