0 0.485466 0.024801 0.047922 0.048898
0 0.540721 0.063884 0.036714 0.085380
0 0.580021 0.074921 0.050885 0.053602
0 0.478982 0.070023 0.048505 0.046898
0 0.515443 0.122315 0.041458 0.089722
0 0.541333 0.119111 0.040146 0.092056
0 0.577461 0.151880 0.024578 0.094093
0 0.598273 0.155815 0.027203 0.072241
0 0.624557 0.181306 0.034083 0.076315
0 0.652495 0.181306 0.039490 0.067000
0 0.574529 0.216755 0.040964 0.081565
0 0.615841 0.250111 0.036870 0.079815
0 0.649513 0.283176 0.028516 0.089426
0 0.653021 0.354866 0.032771 0.068750
0 0.662589 0.421907 0.041073 0.082333
0 0.620456 0.393333 0.043193 0.051870
0 0.631927 0.425810 0.045177 0.053880
0 0.563677 0.374273 0.051833 0.085861
0 0.523143 0.499676 0.051453 0.084481
0 0.464727 0.419889 0.041786 0.081278
0 0.546260 0.279477 0.030021 0.098694
0 0.534945 0.231245 0.043818 0.061583
0 0.510388 0.184639 0.039370 0.088370
0 0.472927 0.167639 0.041208 0.060426
0 0.480971 0.245542 0.044328 0.072769
0 0.441458 0.241514 0.051979 0.071250
0 0.487857 0.703620 0.054349 0.045259
0 0.425581 0.696718 0.052401 0.045065
0 0.345956 0.543546 0.042089 0.092019
0 0.333539 0.502931 0.041141 0.087639
0 0.305477 0.463630 0.033370 0.092019
0 0.314995 0.391093 0.039625 0.047185
0 0.323924 0.346222 0.042630 0.048593
0 0.332310 0.310648 0.054526 0.040537
0 0.332990 0.272051 0.046031 0.040028
0 0.379609 0.332278 0.041146 0.091685
0 0.412786 0.297560 0.045312 0.088306
0 0.390547 0.250574 0.054240 0.051870
0 0.346372 0.220713 0.042599 0.061574
0 0.395799 0.181722 0.045776 0.055056
0 0.407732 0.146796 0.044922 0.052222
0 0.353815 0.166269 0.050672 0.065500
0 0.395943 0.076347 0.049000 0.053120
