0 0.505799 0.115380 0.051526 0.061259
0 0.565070 0.160227 0.052026 0.063639
0 0.554862 0.195019 0.052359 0.064833
0 0.498070 0.177921 0.049516 0.058583
0 0.448302 0.151301 0.051354 0.052343
0 0.450812 0.194690 0.053365 0.042528
0 0.391232 0.141722 0.053109 0.060870
0 0.331940 0.211213 0.042609 0.078204
0 0.379573 0.228653 0.055979 0.061306
0 0.432320 0.239759 0.046734 0.054648
0 0.479854 0.269486 0.050854 0.073157
0 0.498672 0.294620 0.046000 0.056204
0 0.537232 0.240940 0.043161 0.044009
0 0.572445 0.283824 0.023922 0.073759
0 0.619034 0.274306 0.043495 0.055907
0 0.633604 0.321773 0.042823 0.048769
0 0.637367 0.378278 0.052359 0.041037
0 0.600292 0.435528 0.050042 0.084759
0 0.640526 0.446782 0.023115 0.091972
0 0.657258 0.502810 0.030370 0.083306
0 0.619654 0.518380 0.046839 0.045796
0 0.557924 0.450278 0.051526 0.066019
0 0.585443 0.530278 0.036969 0.069000
0 0.553659 0.520759 0.026599 0.079111
0 0.633654 0.561417 0.054776 0.050574
0 0.629974 0.595829 0.044323 0.041639
0 0.532328 0.562449 0.021292 0.093250
0 0.562036 0.583264 0.042000 0.082583
0 0.579555 0.618884 0.049161 0.067787
0 0.615305 0.668981 0.047036 0.059185
0 0.590143 0.656597 0.035807 0.069509
0 0.527979 0.628773 0.044500 0.042231
0 0.575674 0.723287 0.040484 0.077315
0 0.517628 0.716894 0.029443 0.063935
0 0.537451 0.738606 0.026266 0.087139
0 0.492016 0.710394 0.022844 0.065287
0 0.486445 0.785986 0.048578 0.042157
0 0.442539 0.701500 0.023807 0.092907
0 0.394956 0.713222 0.043089 0.064259
0 0.410036 0.667773 0.048146 0.067343
0 0.363625 0.635134 0.043521 0.085343
0 0.351768 0.661866 0.042651 0.080194
0 0.383057 0.580565 0.049448 0.073259
0 0.407685 0.550144 0.035464 0.088324
0 0.428518 0.474065 0.052984 0.063981
0 0.490375 0.372227 0.032740 0.081306
0 0.464135 0.352458 0.032240 0.082639
0 0.436768 0.392667 0.046984 0.079093
0 0.409214 0.416370 0.052854 0.074204
0 0.388841 0.467213 0.022411 0.087130
0 0.364260 0.477111 0.031083 0.093556
0 0.332164 0.466569 0.029932 0.095102
0 0.334815 0.555495 0.046839 0.073750
0 0.314156 0.573782 0.034292 0.087139
0 0.292531 0.492866 0.035385 0.087583
0 0.298242 0.430958 0.046807 0.041806
0 0.305151 0.394875 0.055740 0.047139
0 0.382302 0.371509 0.033094 0.092556
0 0.422367 0.328324 0.052068 0.055741
0 0.289688 0.315764 0.035615 0.088435
0 0.309042 0.331079 0.025937 0.092213
0 0.337784 0.343810 0.026130 0.092213
0 0.373057 0.294736 0.026094 0.093676
0 0.412034 0.285074 0.049849 0.049370
