0 0.392518 0.094986 0.046109 0.073083
0 0.436380 0.116532 0.022365 0.091750
0 0.400268 0.124755 0.049609 0.044657
0 0.464477 0.142144 0.028328 0.085306
0 0.396747 0.186736 0.041786 0.078657
0 0.414893 0.203958 0.040776 0.081731
0 0.439617 0.209815 0.050984 0.057981
0 0.486070 0.212569 0.043807 0.044972
0 0.443750 0.244208 0.050458 0.057065
0 0.337961 0.213755 0.044818 0.065287
0 0.348878 0.238810 0.042651 0.065546
0 0.382708 0.246361 0.036865 0.056648
0 0.399727 0.298051 0.048359 0.067750
0 0.355305 0.285500 0.045234 0.072426
0 0.369490 0.307750 0.038615 0.067907
0 0.305935 0.290773 0.024432 0.094361
0 0.315911 0.363528 0.033396 0.057315
0 0.382711 0.368667 0.053349 0.050630
0 0.430258 0.341634 0.053109 0.065213
0 0.451987 0.321671 0.050682 0.067380
0 0.470268 0.291000 0.050828 0.065130
0 0.313078 0.412583 0.035854 0.037444
0 0.299633 0.473199 0.023974 0.084287
0 0.328036 0.487120 0.031969 0.089093
0 0.351870 0.441380 0.022844 0.093556
0 0.402185 0.428528 0.045974 0.048833
0 0.431997 0.391287 0.045109 0.048833
0 0.486563 0.368431 0.034740 0.094194
0 0.515867 0.372986 0.039609 0.094861
0 0.369885 0.545426 0.037625 0.089667
0 0.350935 0.621231 0.049120 0.077093
0 0.390490 0.589894 0.022990 0.091250
0 0.401232 0.689009 0.052068 0.061593
0 0.479534 0.691616 0.042995 0.087139
0 0.492898 0.723269 0.034359 0.064426
0 0.528505 0.726889 0.046979 0.043389
0 0.556703 0.677153 0.049604 0.040657
0 0.520117 0.625032 0.051807 0.045139
0 0.582844 0.650560 0.043490 0.060194
0 0.551076 0.580926 0.048578 0.037778
0 0.611078 0.628671 0.028437 0.055343
0 0.609510 0.546792 0.043667 0.064380
0 0.643896 0.553269 0.030510 0.092019
0 0.649831 0.486319 0.036401 0.038065
0 0.663112 0.378074 0.023859 0.089704
0 0.627932 0.202903 0.033792 0.065435
0 0.637721 0.232347 0.031953 0.063046
0 0.661643 0.274130 0.034630 0.076426
