0 0.504977 0.110472 0.046505 0.050259
0 0.546398 0.144819 0.037932 0.087750
0 0.581237 0.150500 0.030193 0.059185
0 0.600885 0.176648 0.032323 0.068815
0 0.559065 0.233981 0.023870 0.064870
0 0.514516 0.211662 0.040740 0.086861
0 0.538195 0.248315 0.023370 0.066426
0 0.601232 0.329944 0.052651 0.065037
0 0.667438 0.320995 0.025177 0.071231
0 0.693169 0.343190 0.022453 0.082583
0 0.699633 0.429532 0.024432 0.089194
0 0.643622 0.484926 0.041786 0.043185
0 0.684104 0.537486 0.036583 0.088157
0 0.609065 0.531315 0.047568 0.040870
0 0.642753 0.628606 0.027182 0.084046
0 0.472107 0.761324 0.023245 0.062648
0 0.562076 0.384019 0.046578 0.042148
0 0.518385 0.435819 0.048490 0.036287
0 0.501216 0.474120 0.049786 0.037630
0 0.451013 0.585491 0.053609 0.049537
0 0.433531 0.636074 0.052854 0.053759
0 0.350424 0.559565 0.034411 0.085593
0 0.323641 0.493167 0.033740 0.091519
0 0.508414 0.356833 0.046672 0.073019
0 0.322417 0.388708 0.028990 0.078861
0 0.348659 0.375718 0.022995 0.092417
0 0.357437 0.297634 0.052052 0.073787
0 0.411438 0.282213 0.046990 0.039815
0 0.445198 0.339917 0.040198 0.069889
0 0.490234 0.324611 0.048438 0.055259
0 0.483005 0.280398 0.046698 0.068111
0 0.461609 0.260611 0.045542 0.070685
0 0.367352 0.243514 0.050734 0.046213
0 0.442701 0.233606 0.047359 0.063528
0 0.395320 0.188023 0.052599 0.042435
0 0.427435 0.172120 0.029286 0.057278
0 0.444607 0.157079 0.029703 0.056565
0 0.464419 0.144968 0.031870 0.062380
