0 0.485398 0.704593 0.045682 0.069278
0 0.638839 0.361588 0.033365 0.081083
0 0.574234 0.394690 0.024115 0.089528
0 0.608659 0.410903 0.046484 0.079750
0 0.647107 0.495333 0.026172 0.079685
0 0.626745 0.541694 0.033458 0.058889
0 0.544945 0.535898 0.040818 0.083574
0 0.620219 0.612449 0.030385 0.086713
0 0.603477 0.583199 0.026714 0.087398
0 0.578701 0.591111 0.029807 0.088778
0 0.549766 0.602120 0.032323 0.089463
0 0.519437 0.627356 0.030458 0.093157
0 0.529719 0.684407 0.038969 0.082019
0 0.483471 0.766227 0.044568 0.044991
0 0.532966 0.734773 0.033370 0.082417
