0 0.525023 0.799338 0.050234 0.043287
0 0.578987 0.758394 0.050234 0.042509
0 0.578987 0.791926 0.049359 0.037833
0 0.628565 0.762681 0.046724 0.047194
0 0.683206 0.672282 0.042995 0.062009
0 0.697083 0.584565 0.028062 0.081907
0 0.680773 0.491213 0.028734 0.086963
0 0.696458 0.518509 0.028521 0.086185
0 0.722453 0.510130 0.030052 0.078778
0 0.728195 0.429213 0.022943 0.085278
0 0.690544 0.429356 0.051943 0.069620
0 0.709242 0.360866 0.026141 0.080769
0 0.697823 0.315745 0.025125 0.083472
0 0.668417 0.257352 0.029958 0.090667
0 0.648227 0.261060 0.025974 0.073139
0 0.645099 0.343468 0.030333 0.070102
0 0.617169 0.336056 0.049672 0.085944
0 0.591557 0.391806 0.053083 0.057722
0 0.598469 0.456153 0.051552 0.077991
0 0.528732 0.424213 0.050234 0.079167
0 0.479813 0.456972 0.051115 0.053426
0 0.497799 0.377417 0.048922 0.072926
0 0.520615 0.345241 0.050677 0.055370
0 0.576365 0.314667 0.025396 0.078074
0 0.599763 0.269486 0.053818 0.055898
0 0.602229 0.225588 0.038062 0.060713
0 0.616060 0.200019 0.052266 0.052667
0 0.623734 0.175991 0.050885 0.049278
0 0.580708 0.133245 0.050990 0.038176
0 0.499508 0.130681 0.045036 0.040287
0 0.530523 0.154347 0.040505 0.054380
0 0.547521 0.182296 0.047583 0.073019
0 0.558667 0.243125 0.025635 0.071250
0 0.535479 0.271259 0.023760 0.093222
0 0.462474 0.171519 0.042344 0.071759
0 0.497599 0.214194 0.033000 0.091648
0 0.480227 0.278454 0.048724 0.060667
0 0.459703 0.300204 0.048719 0.075722
0 0.439940 0.200542 0.040422 0.063731
0 0.414185 0.256968 0.050891 0.063361
0 0.392141 0.276213 0.046146 0.040037
0 0.380484 0.317301 0.045896 0.044380
0 0.374091 0.360394 0.054359 0.055046
0 0.435456 0.337653 0.049818 0.043954
0 0.411943 0.393537 0.052542 0.057907
0 0.444305 0.411407 0.052964 0.058407
0 0.344362 0.418407 0.028182 0.078296
0 0.357753 0.487977 0.033297 0.086361
0 0.396328 0.494231 0.035885 0.093796
0 0.435000 0.566153 0.029333 0.093509
0 0.365935 0.535278 0.043589 0.084778
0 0.376992 0.576352 0.044078 0.085944
0 0.399771 0.589894 0.034906 0.083898
0 0.400164 0.671755 0.048995 0.077787
