0 0.349745 0.306421 0.032771 0.036417
0 0.678482 0.199509 0.023859 0.084833
0 0.561398 0.047537 0.043401 0.066333
0 0.508096 0.087921 0.050505 0.063176
0 0.465203 0.080477 0.027667 0.090694
0 0.432458 0.089051 0.036802 0.050991
0 0.383729 0.131222 0.044531 0.053037
0 0.396893 0.149940 0.042339 0.049917
0 0.412685 0.224815 0.024349 0.072537
0 0.391956 0.286625 0.024568 0.088528
0 0.356310 0.274148 0.049797 0.037056
0 0.411766 0.346769 0.025396 0.092056
0 0.348185 0.343708 0.036870 0.040491
0 0.388578 0.370630 0.031625 0.090593
0 0.335651 0.420005 0.028677 0.075157
0 0.358755 0.436088 0.022844 0.082120
0 0.394542 0.476472 0.033500 0.083481
0 0.346518 0.500431 0.039089 0.084380
0 0.388687 0.600366 0.028521 0.081898
