0 0.483367 0.716051 0.053641 0.041380
0 0.596044 0.530861 0.029807 0.083963
0 0.609068 0.583370 0.029781 0.085593
0 0.540620 0.695616 0.045833 0.065287
0 0.505271 0.647935 0.048292 0.057833
0 0.534979 0.510389 0.037354 0.087056
0 0.585495 0.495417 0.032323 0.084648
0 0.576576 0.447750 0.044161 0.081185
0 0.570888 0.405074 0.032120 0.080296
0 0.640063 0.392282 0.025927 0.082676
0 0.562560 0.551333 0.041036 0.085685
0 0.335776 0.610856 0.049594 0.070176
0 0.374370 0.669653 0.052271 0.061435
0 0.411115 0.607810 0.034125 0.093083
0 0.414013 0.708491 0.051328 0.047037
