0 0.574424 0.185181 0.046068 0.075361
0 0.617589 0.248838 0.049938 0.076731
0 0.577909 0.261051 0.056516 0.044046
0 0.519068 0.251593 0.052646 0.056093
0 0.499810 0.297185 0.045099 0.076389
0 0.600398 0.315171 0.055370 0.041639
0 0.558997 0.329958 0.046266 0.076083
0 0.609802 0.356509 0.055521 0.045500
0 0.656216 0.345843 0.030651 0.091500
0 0.658687 0.431148 0.038604 0.072481
0 0.573964 0.387583 0.052771 0.039333
0 0.607505 0.437449 0.047562 0.056287
0 0.657255 0.481736 0.050781 0.082657
0 0.564312 0.449847 0.035240 0.085750
0 0.541820 0.456625 0.037484 0.078861
0 0.477010 0.349204 0.041042 0.090241
0 0.489875 0.382755 0.040917 0.086880
0 0.504042 0.411153 0.042365 0.087139
0 0.622732 0.489727 0.021620 0.085750
0 0.599302 0.500069 0.027990 0.080231
0 0.588430 0.530440 0.024245 0.087528
0 0.548818 0.511782 0.043740 0.038213
0 0.543820 0.545662 0.053234 0.039769
0 0.653885 0.534431 0.032531 0.063491
0 0.653596 0.580051 0.029349 0.060657
0 0.632924 0.587764 0.030797 0.064769
0 0.622917 0.615194 0.033990 0.067759
0 0.611547 0.633963 0.033240 0.056870
0 0.650719 0.653667 0.028604 0.088926
0 0.606201 0.687282 0.049734 0.081972
0 0.592815 0.720051 0.039859 0.071972
0 0.554578 0.710051 0.044865 0.065750
0 0.564331 0.612273 0.025953 0.089806
0 0.543232 0.609694 0.022432 0.091537
0 0.523018 0.607282 0.024193 0.091528
0 0.501812 0.607458 0.024365 0.091880
0 0.482458 0.611759 0.024406 0.087407
0 0.499742 0.490486 0.041818 0.078491
0 0.489523 0.521176 0.042828 0.079704
0 0.446883 0.546690 0.046484 0.082139
0 0.463365 0.566667 0.045552 0.080148
0 0.441971 0.622352 0.051943 0.057148
0 0.438779 0.672454 0.051297 0.055870
0 0.442341 0.711431 0.052359 0.044435
0 0.455029 0.756806 0.050995 0.050981
0 0.467221 0.797644 0.050109 0.042213
0 0.495771 0.688556 0.052167 0.054352
0 0.501599 0.766347 0.032385 0.095620
0 0.531383 0.763648 0.020526 0.093815
0 0.568164 0.777477 0.053349 0.056806
0 0.400253 0.730356 0.022745 0.077972
0 0.379260 0.708921 0.021990 0.075972
0 0.342615 0.669963 0.036146 0.092537
0 0.403187 0.618815 0.020708 0.092907
0 0.373865 0.593352 0.029031 0.093593
0 0.349766 0.606255 0.035031 0.080861
0 0.410831 0.539722 0.052630 0.053981
0 0.386615 0.512861 0.051615 0.055778
0 0.436638 0.490889 0.050172 0.049352
0 0.329969 0.501708 0.048708 0.083139
0 0.390674 0.471690 0.047276 0.056546
0 0.439974 0.452806 0.053531 0.051741
0 0.434701 0.411319 0.049682 0.043120
0 0.385688 0.438380 0.054031 0.055611
0 0.364982 0.412227 0.046672 0.055750
0 0.400216 0.348218 0.041234 0.083528
0 0.364729 0.340440 0.031740 0.090639
0 0.341359 0.337551 0.027740 0.084417
0 0.314888 0.359565 0.025880 0.093815
0 0.379195 0.286088 0.023589 0.087435
0 0.393031 0.202870 0.046677 0.080593
0 0.414609 0.228301 0.039313 0.089213
0 0.435857 0.235287 0.039651 0.088926
