0 0.387440 0.470333 0.054797 0.040111
0 0.502240 0.447583 0.030333 0.088981
0 0.376552 0.542708 0.034271 0.091398
0 0.407487 0.613287 0.041620 0.074870
0 0.445914 0.598727 0.042766 0.079528
0 0.490568 0.589398 0.025562 0.086519
0 0.519492 0.559630 0.034411 0.084352
0 0.529831 0.676880 0.046453 0.090389
0 0.551714 0.661144 0.048010 0.091639
0 0.604164 0.675699 0.045776 0.064194
0 0.593604 0.599023 0.050781 0.085009
0 0.650151 0.631398 0.053979 0.069630
0 0.623120 0.572523 0.055094 0.045824
0 0.699859 0.557625 0.033854 0.085194
0 0.686174 0.521634 0.031703 0.079861
0 0.657346 0.510866 0.034766 0.086602
0 0.637888 0.500532 0.041620 0.088565
0 0.606060 0.504667 0.031828 0.088130
0 0.587260 0.494833 0.042104 0.093352
0 0.569938 0.476222 0.041250 0.094870
0 0.545240 0.421282 0.046031 0.078806
0 0.508133 0.357810 0.027203 0.092639
0 0.601169 0.374579 0.042276 0.062694
0 0.619086 0.397833 0.051193 0.070778
0 0.633969 0.422949 0.042656 0.063028
0 0.668758 0.419579 0.031849 0.093361
0 0.692078 0.421093 0.020094 0.080889
0 0.711039 0.431542 0.031849 0.095046
0 0.731031 0.451852 0.022542 0.083759
0 0.747560 0.363875 0.028984 0.092343
0 0.708693 0.337806 0.024479 0.091389
0 0.683049 0.333560 0.028276 0.083343
0 0.656919 0.333889 0.038922 0.094870
0 0.618948 0.297093 0.035250 0.095093
0 0.636516 0.313194 0.035375 0.093352
0 0.714169 0.252241 0.027193 0.082333
0 0.694128 0.248463 0.024214 0.087370
0 0.658865 0.248713 0.040365 0.078796
0 0.680089 0.194861 0.050427 0.072463
0 0.666893 0.168769 0.049693 0.081167
0 0.629331 0.208708 0.027641 0.088917
0 0.539940 0.197398 0.045411 0.096722
0 0.584031 0.226843 0.052427 0.062000
0 0.590943 0.185310 0.043000 0.077213
0 0.582393 0.076986 0.027016 0.095546
0 0.615724 0.067852 0.047281 0.046981
0 0.632758 0.114315 0.052568 0.040722
