0 0.594862 0.119810 0.051693 0.060972
0 0.581362 0.202903 0.053026 0.037176
0 0.643826 0.206384 0.044495 0.078806
0 0.661396 0.405681 0.033615 0.081750
0 0.606984 0.342681 0.036583 0.059639
0 0.576406 0.343579 0.043375 0.083028
0 0.631997 0.413361 0.050745 0.079167
0 0.595831 0.456616 0.047172 0.057694
0 0.655750 0.480736 0.038458 0.034954
0 0.646961 0.538194 0.047234 0.063537
0 0.601823 0.507847 0.039760 0.069398
0 0.594667 0.567662 0.041781 0.067602
0 0.619013 0.603366 0.038745 0.046269
0 0.596935 0.655005 0.041151 0.054417
0 0.530576 0.392713 0.051484 0.068426
0 0.512870 0.467394 0.025865 0.093046
0 0.532172 0.476903 0.023438 0.095102
0 0.402896 0.689454 0.036385 0.045759
0 0.364089 0.638014 0.048198 0.069509
0 0.406768 0.576245 0.019745 0.083620
0 0.361669 0.560074 0.022453 0.091185
0 0.392211 0.474468 0.042391 0.063657
0 0.383115 0.443153 0.039292 0.064343
0 0.345565 0.492699 0.023807 0.089806
0 0.317599 0.477218 0.045292 0.067102
0 0.362016 0.400968 0.038646 0.052639
0 0.327555 0.392940 0.042995 0.080602
0 0.297109 0.417028 0.025260 0.078222
0 0.394771 0.335514 0.039313 0.091602
0 0.368255 0.330903 0.036135 0.087139
0 0.311893 0.348486 0.031661 0.056806
0 0.326857 0.288986 0.053495 0.044731
0 0.358997 0.255778 0.041786 0.053204
0 0.405844 0.272227 0.049594 0.057324
0 0.444430 0.267083 0.042943 0.076852
0 0.503607 0.314514 0.052193 0.047287
0 0.328911 0.216167 0.039979 0.058889
0 0.365883 0.153565 0.040651 0.083574
0 0.372237 0.205162 0.046672 0.047583
0 0.389971 0.220181 0.046339 0.049065
0 0.414141 0.128139 0.042156 0.039259
0 0.433464 0.185532 0.044667 0.072565
0 0.424648 0.090338 0.043828 0.041935
