0 0.471589 0.170236 0.050990 0.045324
0 0.453221 0.213407 0.049484 0.040500
0 0.522128 0.221273 0.029661 0.093509
0 0.413977 0.186898 0.048995 0.047481
0 0.389234 0.227829 0.051948 0.053602
0 0.489109 0.245597 0.051125 0.057102
0 0.449044 0.278778 0.049161 0.044278
0 0.525732 0.306306 0.027526 0.074870
0 0.569432 0.266662 0.040146 0.050398
0 0.565094 0.326963 0.047521 0.081278
0 0.617625 0.333588 0.042146 0.075880
0 0.567148 0.374824 0.039641 0.069037
0 0.599427 0.400602 0.026562 0.083315
0 0.530122 0.454060 0.026870 0.090009
0 0.643596 0.462801 0.023432 0.087102
0 0.617461 0.486685 0.023599 0.082444
0 0.583542 0.496296 0.032448 0.086519
0 0.560518 0.499069 0.025724 0.086231
0 0.648036 0.573472 0.022750 0.088648
0 0.615901 0.574486 0.044552 0.071787
0 0.619018 0.642102 0.028672 0.078074
0 0.587232 0.607468 0.027047 0.077046
0 0.556854 0.592866 0.038240 0.072509
0 0.535424 0.647148 0.046453 0.069241
0 0.513984 0.524407 0.047865 0.049352
0 0.476099 0.551347 0.051406 0.038769
0 0.448130 0.494949 0.050698 0.064454
0 0.440820 0.347282 0.041495 0.090380
0 0.350354 0.278569 0.034594 0.065639
0 0.382227 0.359579 0.030714 0.078194
0 0.311982 0.327222 0.044172 0.074833
0 0.346781 0.367667 0.023146 0.093704
0 0.280875 0.456778 0.031094 0.079963
0 0.295589 0.546694 0.025073 0.088556
0 0.292388 0.647042 0.035547 0.087620
0 0.318674 0.689421 0.022370 0.084935
0 0.348549 0.785542 0.046536 0.058269
0 0.385172 0.797778 0.032938 0.064667
0 0.497753 0.842458 0.051755 0.051435
