0 0.478526 0.206505 0.054062 0.058213
0 0.522945 0.229292 0.036297 0.095657
0 0.564698 0.211245 0.051271 0.041509
0 0.616349 0.247338 0.053552 0.055954
0 0.604672 0.273963 0.053552 0.053241
0 0.562794 0.276218 0.036297 0.090250
0 0.646042 0.310736 0.033250 0.066324
0 0.660255 0.338486 0.036802 0.068583
0 0.624341 0.383833 0.037057 0.078963
0 0.592490 0.378644 0.051521 0.072194
0 0.673201 0.377069 0.034266 0.070843
0 0.697490 0.422102 0.034010 0.086185
0 0.665003 0.442856 0.052797 0.035639
0 0.578435 0.449171 0.054224 0.071120
0 0.544974 0.487255 0.030906 0.089324
0 0.583839 0.488940 0.047208 0.066398
0 0.586036 0.534069 0.052271 0.064213
0 0.647143 0.483685 0.043797 0.040111
0 0.646859 0.518569 0.050812 0.043139
0 0.682029 0.503741 0.022182 0.085611
0 0.706109 0.540477 0.021042 0.081565
0 0.639060 0.562241 0.041130 0.039389
0 0.687591 0.593903 0.038068 0.056139
0 0.646589 0.619796 0.052510 0.075722
0 0.675719 0.623606 0.040760 0.058528
0 0.604596 0.596463 0.047714 0.087074
0 0.531846 0.658292 0.036599 0.094880
0 0.560591 0.723032 0.043193 0.064454
0 0.534534 0.741662 0.045464 0.056398
0 0.529930 0.794509 0.048151 0.049352
0 0.545990 0.850704 0.055656 0.063704
0 0.584089 0.796069 0.046594 0.065713
0 0.595771 0.816083 0.047583 0.068481
0 0.638583 0.773060 0.048292 0.056398
0 0.624492 0.733907 0.028891 0.069741
0 0.598914 0.686319 0.031016 0.091898
0 0.579867 0.674991 0.044755 0.070241
0 0.563969 0.622481 0.035073 0.091000
0 0.341013 0.551194 0.023349 0.093852
0 0.323245 0.511259 0.027417 0.081667
0 0.352667 0.436495 0.055063 0.068639
0 0.354773 0.344657 0.032464 0.085796
0 0.384388 0.364741 0.039484 0.075259
0 0.425737 0.360449 0.050672 0.049528
0 0.416745 0.304486 0.051990 0.055380
0 0.478883 0.324588 0.024370 0.079417
0 0.499443 0.351435 0.022844 0.096111
0 0.428128 0.243181 0.050234 0.069028
0 0.478844 0.249060 0.048917 0.042472
0 0.522289 0.301907 0.051943 0.058556
