0 0.523089 0.099292 0.041990 0.077528
0 0.451674 0.052088 0.048359 0.039991
0 0.499966 0.229639 0.053786 0.038556
0 0.566289 0.361773 0.044161 0.087139
0 0.588958 0.383481 0.042323 0.084759
0 0.611039 0.409505 0.029943 0.080898
0 0.571706 0.467005 0.036724 0.086361
0 0.610383 0.504662 0.036286 0.078398
0 0.544440 0.508213 0.023589 0.090407
0 0.577680 0.570486 0.040318 0.089213
0 0.545982 0.594426 0.038474 0.078222
0 0.530328 0.665694 0.024146 0.066056
0 0.458643 0.429764 0.021109 0.092528
0 0.426758 0.473329 0.041109 0.081750
0 0.392143 0.515426 0.053109 0.052204
0 0.316339 0.424231 0.043875 0.068648
0 0.263786 0.456157 0.040365 0.039759
0 0.368396 0.366194 0.047948 0.080259
0 0.282680 0.406264 0.036391 0.056083
0 0.291971 0.362218 0.036391 0.045769
0 0.246581 0.374954 0.026130 0.090500
0 0.283844 0.323856 0.037177 0.057731
0 0.343526 0.292407 0.050385 0.061704
0 0.297234 0.255755 0.049937 0.059880
0 0.254555 0.276227 0.026516 0.092565
0 0.296076 0.224602 0.046839 0.054685
0 0.340883 0.209514 0.035714 0.093046
0 0.327362 0.121861 0.040484 0.083019
0 0.401964 0.153329 0.036635 0.096361
0 0.376188 0.090843 0.034125 0.064833
0 0.407505 0.069324 0.042510 0.046259
