0 0.439339 0.197347 0.048990 0.045120
0 0.485154 0.197796 0.030964 0.068593
0 0.525128 0.177264 0.044422 0.053694
0 0.515862 0.244495 0.030964 0.094306
0 0.553427 0.219231 0.051271 0.066333
0 0.570758 0.300694 0.031661 0.089315
0 0.587630 0.284009 0.033937 0.092352
0 0.617682 0.276093 0.028823 0.088648
0 0.441531 0.257616 0.041240 0.089694
0 0.393602 0.254301 0.020839 0.069806
0 0.364099 0.317083 0.025885 0.079167
0 0.390419 0.348866 0.028516 0.076435
0 0.531208 0.324023 0.035646 0.091676
0 0.547607 0.365144 0.032422 0.094380
0 0.518107 0.412736 0.025214 0.093361
0 0.595669 0.377611 0.041714 0.040444
0 0.632641 0.387556 0.031469 0.085944
0 0.661461 0.390083 0.034505 0.078870
0 0.621885 0.446574 0.026708 0.088852
0 0.598945 0.460264 0.024745 0.087676
0 0.593849 0.519458 0.042115 0.057102
0 0.663221 0.489176 0.034318 0.061685
0 0.645779 0.538894 0.026734 0.087639
0 0.630424 0.558440 0.027870 0.089657
0 0.672229 0.561306 0.023510 0.083926
0 0.608599 0.584667 0.032990 0.081907
0 0.665005 0.641120 0.029385 0.090333
0 0.551057 0.575736 0.049104 0.079546
0 0.562909 0.607245 0.048911 0.079880
0 0.599594 0.634208 0.044552 0.087972
0 0.630292 0.714667 0.026385 0.057093
0 0.588294 0.687468 0.045120 0.087972
0 0.572557 0.717801 0.044365 0.093361
0 0.600026 0.772079 0.044187 0.082472
0 0.552208 0.741111 0.043656 0.095204
0 0.553604 0.831130 0.052031 0.044222
0 0.480508 0.817144 0.043911 0.065880
0 0.426190 0.807218 0.046953 0.083935
0 0.372672 0.486449 0.051760 0.076509
0 0.324133 0.463861 0.032422 0.080556
