0 0.321930 0.396861 0.017505 0.086389
0 0.569669 0.232657 0.048224 0.053315
0 0.400654 0.201639 0.020974 0.063500
0 0.307026 0.691477 0.029990 0.085065
0 0.373143 0.804741 0.046859 0.046611
0 0.405997 0.800079 0.034901 0.085065
0 0.521273 0.796296 0.046068 0.078389
0 0.539151 0.777185 0.041896 0.078389
0 0.574797 0.758662 0.040802 0.085009
0 0.444013 0.374528 0.031370 0.093593
0 0.298570 0.597241 0.026547 0.085648
0 0.273893 0.512060 0.026380 0.078361
0 0.314284 0.485986 0.027526 0.082731
0 0.302568 0.467343 0.035229 0.080981
0 0.341240 0.438356 0.029333 0.087102
0 0.380828 0.218824 0.019990 0.061759
0 0.319578 0.264213 0.048958 0.068111
0 0.339086 0.308338 0.030995 0.065454
0 0.309216 0.370597 0.030099 0.080509
0 0.274260 0.408542 0.018271 0.085102
