0 0.355430 0.307556 0.028182 0.084481
0 0.600969 0.757310 0.049240 0.052343
0 0.626151 0.670444 0.039708 0.065907
0 0.657740 0.645491 0.030927 0.070593
0 0.680219 0.515366 0.025208 0.080065
0 0.661065 0.476986 0.037849 0.081861
0 0.639271 0.472472 0.042438 0.079815
0 0.659807 0.344690 0.027833 0.087324
0 0.588982 0.430000 0.052432 0.042241
0 0.634190 0.332380 0.024578 0.079815
0 0.586919 0.354227 0.039818 0.050694
0 0.587164 0.301208 0.050141 0.034954
0 0.605565 0.255852 0.038839 0.074870
0 0.557716 0.226662 0.028182 0.092639
0 0.509466 0.231968 0.043057 0.063954
0 0.483195 0.210819 0.042911 0.085602
0 0.303115 0.477602 0.029615 0.090870
