0 0.586362 0.660269 0.045505 0.058981
0 0.644745 0.495685 0.029000 0.081278
0 0.479044 0.745171 0.046724 0.041343
0 0.559766 0.123968 0.039781 0.071583
0 0.544919 0.160014 0.049651 0.040491
0 0.497857 0.100509 0.032682 0.079852
0 0.476234 0.085546 0.047635 0.059407
0 0.506289 0.169009 0.037516 0.086574
0 0.469547 0.167449 0.030271 0.095157
0 0.434448 0.091597 0.045187 0.076046
0 0.424138 0.125523 0.042995 0.047972
0 0.421503 0.176806 0.046505 0.047574
0 0.371039 0.120440 0.047401 0.078528
0 0.370755 0.174875 0.044937 0.049213
0 0.370167 0.215384 0.046073 0.061343
0 0.333826 0.174310 0.023474 0.067472
0 0.296753 0.218185 0.031370 0.092037
0 0.328951 0.262727 0.054891 0.057676
0 0.382125 0.289236 0.051125 0.072250
0 0.405883 0.246269 0.046214 0.069630
0 0.430628 0.264472 0.045224 0.071667
0 0.533115 0.390755 0.035240 0.086139
0 0.287844 0.466352 0.049927 0.064741
0 0.280208 0.525870 0.021146 0.075185
0 0.416177 0.494282 0.045229 0.086139
