0 0.380794 0.284051 0.022943 0.074583
0 0.426419 0.262954 0.051328 0.052259
0 0.472922 0.305074 0.048260 0.074093
0 0.460773 0.234255 0.050234 0.057324
0 0.440263 0.189014 0.031589 0.040176
0 0.408013 0.188037 0.044755 0.040556
0 0.392219 0.152551 0.041677 0.035880
0 0.431266 0.098537 0.048260 0.047185
0 0.513508 0.237801 0.041682 0.085009
0 0.487734 0.168204 0.048917 0.062019
0 0.532099 0.203255 0.039438 0.056620
0 0.488966 0.073995 0.046453 0.054269
0 0.523284 0.114273 0.020286 0.057972
0 0.544612 0.127750 0.020474 0.092352
0 0.591062 0.207639 0.050812 0.058648
0 0.577982 0.126912 0.044745 0.047528
0 0.435302 0.354991 0.051552 0.039778
0 0.345320 0.254190 0.052599 0.051565
0 0.360396 0.242542 0.030969 0.024176
0 0.329589 0.304296 0.054240 0.062630
0 0.308023 0.364569 0.027203 0.090306
0 0.341208 0.361653 0.039490 0.052435
0 0.334005 0.421736 0.036802 0.069491
0 0.305578 0.479042 0.032740 0.086639
0 0.328664 0.534611 0.036214 0.076852
0 0.349049 0.648569 0.046724 0.073713
0 0.549070 0.726935 0.046641 0.067407
0 0.608544 0.677685 0.046026 0.053630
0 0.412818 0.321843 0.046063 0.081111
