0 0.669589 0.344838 0.021396 0.086880
0 0.649305 0.385190 0.025734 0.082509
0 0.621268 0.460556 0.025880 0.087648
0 0.595766 0.413236 0.034844 0.093565
0 0.561643 0.403727 0.023859 0.089454
0 0.563854 0.299079 0.043281 0.039880
0 0.604995 0.338194 0.053677 0.036500
0 0.644740 0.289704 0.022292 0.078741
0 0.600008 0.282662 0.048693 0.067269
0 0.611435 0.245181 0.031057 0.081120
0 0.621435 0.197796 0.049943 0.038981
0 0.613273 0.142315 0.034099 0.073463
0 0.606523 0.583292 0.048578 0.076083
0 0.583565 0.159574 0.022016 0.068352
0 0.563857 0.237926 0.025224 0.089167
0 0.561430 0.136412 0.028266 0.070528
0 0.550674 0.069264 0.051036 0.047713
0 0.556513 0.612773 0.039036 0.086620
0 0.547693 0.676764 0.023135 0.072769
0 0.509378 0.711472 0.044245 0.046519
0 0.500646 0.650963 0.028104 0.076130
0 0.632909 0.603208 0.043516 0.074287
0 0.590344 0.651199 0.043083 0.068880
0 0.546664 0.522759 0.023130 0.085074
0 0.572331 0.547690 0.027036 0.089194
0 0.656857 0.530634 0.023589 0.088028
0 0.638958 0.498958 0.023250 0.088324
0 0.669419 0.430588 0.018401 0.082083
