0 0.491961 0.181847 0.047359 0.049620
0 0.454885 0.207241 0.022115 0.064870
0 0.503745 0.224009 0.045365 0.047759
0 0.502552 0.252509 0.047677 0.051741
0 0.552906 0.218903 0.041990 0.068398
0 0.539776 0.274514 0.025760 0.063046
0 0.572974 0.281287 0.045875 0.056093
0 0.593682 0.267523 0.046646 0.057472
0 0.611589 0.323269 0.042583 0.040944
0 0.622747 0.360523 0.050016 0.041935
0 0.572479 0.348773 0.038479 0.078509
0 0.543203 0.358736 0.044167 0.078806
0 0.602674 0.403495 0.047005 0.044009
0 0.649930 0.435644 0.032286 0.087139
0 0.607523 0.443083 0.052193 0.055019
0 0.568633 0.436241 0.026599 0.093685
0 0.549141 0.449620 0.025760 0.095463
0 0.633039 0.515282 0.024870 0.090731
0 0.610846 0.516435 0.022120 0.092019
0 0.568701 0.526588 0.044245 0.086620
0 0.606622 0.580847 0.046984 0.043546
0 0.634552 0.677685 0.033115 0.095741
0 0.607935 0.660690 0.047109 0.084417
0 0.577695 0.656912 0.047609 0.082639
0 0.577302 0.737255 0.028771 0.092528
0 0.600435 0.753833 0.039474 0.092278
0 0.548523 0.700060 0.035964 0.085657
0 0.546432 0.773963 0.038146 0.094870
0 0.515734 0.749579 0.032958 0.078806
0 0.515568 0.672255 0.040312 0.089509
0 0.535247 0.616954 0.052453 0.050241
0 0.542992 0.582889 0.052839 0.052296
0 0.525654 0.528940 0.049682 0.038361
0 0.508424 0.495630 0.051359 0.043722
0 0.508888 0.449926 0.051484 0.040259
0 0.503333 0.402481 0.049937 0.035444
0 0.500138 0.365144 0.047422 0.041972
0 0.488568 0.331407 0.050188 0.038074
0 0.501021 0.291685 0.051615 0.038296
0 0.450513 0.315157 0.037109 0.095296
0 0.429018 0.295940 0.040109 0.072861
0 0.382573 0.243644 0.044323 0.081898
0 0.339797 0.276676 0.042385 0.083963
0 0.380250 0.307815 0.054385 0.045074
0 0.418091 0.389190 0.047339 0.076435
0 0.446456 0.423097 0.025109 0.082380
0 0.465951 0.441477 0.024255 0.092787
0 0.404474 0.454111 0.051187 0.035981
0 0.377875 0.390616 0.025427 0.092787
0 0.303201 0.379380 0.040484 0.063648
0 0.306208 0.435144 0.045500 0.057398
0 0.337357 0.510083 0.029609 0.092185
0 0.285000 0.515287 0.022583 0.090111
0 0.382961 0.562866 0.025745 0.089120
0 0.422930 0.533102 0.052651 0.059185
0 0.436961 0.504023 0.050516 0.054028
0 0.465026 0.544106 0.043938 0.086713
0 0.476445 0.574389 0.042776 0.083278
0 0.487964 0.611551 0.044521 0.083269
0 0.411414 0.611208 0.050516 0.066750
0 0.428154 0.640972 0.049161 0.065722
0 0.449529 0.694000 0.038089 0.078315
0 0.470130 0.702292 0.038865 0.083843
0 0.486583 0.719333 0.039125 0.081074
0 0.308305 0.595861 0.046453 0.055741
0 0.325534 0.621153 0.056130 0.069157
0 0.335792 0.652981 0.048385 0.057815
0 0.350172 0.723593 0.038906 0.078796
0 0.397669 0.704699 0.048193 0.082935
0 0.387026 0.741514 0.048198 0.084306
0 0.386831 0.786421 0.051682 0.057806
0 0.443997 0.780694 0.052193 0.064259
0 0.436846 0.819940 0.051484 0.043009
0 0.484203 0.793806 0.037135 0.074093
0 0.515190 0.813685 0.050109 0.057759
