0 0.353664 0.626144 0.046547 0.081213
0 0.544862 0.151778 0.046859 0.043111
0 0.547393 0.191532 0.048984 0.041546
0 0.602930 0.217569 0.040932 0.036676
0 0.636729 0.283009 0.033115 0.058204
0 0.645911 0.317560 0.044740 0.080194
0 0.608987 0.299704 0.031214 0.068352
0 0.670964 0.371829 0.031229 0.068620
0 0.617661 0.415750 0.033479 0.072389
0 0.597734 0.397412 0.031646 0.074880
0 0.566026 0.421472 0.037906 0.090630
0 0.537948 0.457958 0.036490 0.082194
0 0.663568 0.684208 0.042323 0.063639
0 0.580776 0.747389 0.047927 0.049370
0 0.576187 0.787005 0.046802 0.059324
0 0.435901 0.780977 0.040917 0.062454
0 0.450432 0.713375 0.020531 0.089713
0 0.420859 0.709319 0.033240 0.071528
0 0.387190 0.704764 0.022120 0.076083
0 0.369250 0.657468 0.048292 0.084306
0 0.426534 0.597759 0.053359 0.058648
0 0.345492 0.578741 0.047568 0.081741
0 0.391661 0.572000 0.036302 0.079704
0 0.329630 0.481681 0.052531 0.043417
0 0.336833 0.358745 0.035708 0.088417
0 0.552641 0.335838 0.019740 0.089213
0 0.568365 0.303273 0.025094 0.068102
0 0.589443 0.309963 0.025427 0.069593
0 0.522359 0.287065 0.030115 0.070778
0 0.549841 0.252824 0.050484 0.063093
0 0.506357 0.223301 0.047234 0.038213
0 0.460872 0.249509 0.049984 0.063981
0 0.455497 0.216968 0.050234 0.060194
0 0.494112 0.174116 0.049234 0.039546
0 0.448898 0.157454 0.048734 0.039759
0 0.413560 0.199926 0.045484 0.065537
