0 0.466724 0.172972 0.049156 0.039037
0 0.533357 0.189593 0.045036 0.061685
0 0.586812 0.241273 0.052260 0.057361
0 0.517242 0.242426 0.033099 0.095259
0 0.549115 0.275051 0.034250 0.092343
0 0.585805 0.279593 0.050797 0.062333
0 0.615789 0.320375 0.027526 0.082731
0 0.578018 0.346449 0.044734 0.064954
0 0.645401 0.387639 0.054469 0.043519
0 0.580036 0.401130 0.045167 0.078778
0 0.635474 0.445653 0.039417 0.039824
0 0.686086 0.465671 0.024359 0.092046
0 0.643242 0.512569 0.025068 0.088880
0 0.622424 0.518366 0.022797 0.084343
0 0.600549 0.543519 0.024089 0.096130
0 0.576380 0.521963 0.040635 0.092056
0 0.636979 0.584954 0.052937 0.045185
0 0.665839 0.636537 0.039052 0.078537
0 0.624318 0.623060 0.042469 0.042806
0 0.598818 0.643616 0.037729 0.094046
0 0.637055 0.703014 0.035099 0.049917
0 0.615445 0.724264 0.036630 0.047972
0 0.299740 0.553407 0.030240 0.083963
0 0.319448 0.660935 0.027521 0.088796
0 0.353018 0.687509 0.041453 0.077926
0 0.384109 0.772380 0.054708 0.061611
0 0.430659 0.821917 0.044516 0.060407
0 0.394107 0.699972 0.052870 0.059667
0 0.410339 0.764125 0.050677 0.055380
0 0.465734 0.799458 0.046448 0.052343
0 0.484008 0.760204 0.051016 0.040611
0 0.539779 0.741162 0.048724 0.036065
0 0.515883 0.805787 0.049651 0.050111
0 0.528984 0.836083 0.048646 0.056519
0 0.577841 0.767801 0.044245 0.075157
0 0.591768 0.799699 0.045224 0.048065
0 0.524013 0.514102 0.050255 0.074000
0 0.560180 0.464468 0.025130 0.092046
0 0.523112 0.463764 0.043797 0.077194
0 0.544919 0.413764 0.034005 0.090472
0 0.580018 0.400889 0.043651 0.079556
0 0.478451 0.424875 0.023911 0.097102
0 0.503005 0.366634 0.051781 0.058843
0 0.513411 0.321338 0.044406 0.076028
0 0.464250 0.322065 0.052271 0.064093
0 0.488880 0.238870 0.039000 0.094093
0 0.459299 0.247023 0.040474 0.076028
0 0.435706 0.261444 0.040151 0.073407
0 0.383320 0.263514 0.045880 0.053602
0 0.364477 0.285069 0.047193 0.055343
0 0.340135 0.353954 0.049292 0.044500
0 0.412227 0.210421 0.050797 0.050917
