0 0.555141 0.214657 0.051104 0.069537
0 0.579281 0.267329 0.028615 0.070417
0 0.599292 0.309856 0.033396 0.072991
0 0.616927 0.347019 0.022250 0.070778
0 0.555617 0.361741 0.021745 0.078815
0 0.519198 0.435736 0.053198 0.068102
0 0.482143 0.388153 0.046005 0.082380
0 0.511003 0.376551 0.051859 0.067509
0 0.548523 0.289204 0.036807 0.070185
0 0.532047 0.263926 0.035969 0.080889
0 0.514107 0.242259 0.038891 0.070944
0 0.633893 0.484639 0.024724 0.086111
0 0.607346 0.595398 0.051901 0.053463
0 0.600365 0.664000 0.033542 0.087389
0 0.550784 0.659940 0.050026 0.046528
0 0.555281 0.719958 0.045667 0.052935
0 0.528096 0.743301 0.046172 0.057991
0 0.481745 0.760583 0.047510 0.045500
0 0.474716 0.803259 0.046505 0.041037
0 0.488703 0.644005 0.045687 0.067083
0 0.479161 0.692065 0.044531 0.066574
0 0.421630 0.771130 0.039615 0.063741
0 0.398932 0.761106 0.022844 0.050380
0 0.432836 0.705199 0.043807 0.033157
0 0.415846 0.668574 0.053203 0.038556
0 0.427313 0.565556 0.036292 0.066056
0 0.366758 0.724944 0.048911 0.045963
0 0.341354 0.740736 0.031896 0.076546
0 0.324245 0.614759 0.053031 0.061056
0 0.275430 0.627625 0.027974 0.086787
0 0.302161 0.578231 0.035531 0.058389
0 0.264117 0.539463 0.037547 0.090148
0 0.296247 0.522431 0.056516 0.051269
0 0.332831 0.502644 0.036776 0.041287
0 0.346969 0.450741 0.041927 0.040611
0 0.270630 0.456894 0.054938 0.056009
0 0.297461 0.438384 0.053859 0.061750
0 0.338398 0.387870 0.055484 0.061759
0 0.271357 0.375542 0.041609 0.035324
0 0.390763 0.413157 0.050026 0.057315
0 0.394268 0.359218 0.052359 0.077324
0 0.342747 0.347023 0.054703 0.068398
0 0.280346 0.339440 0.043661 0.033009
0 0.290385 0.305685 0.055375 0.044019
0 0.347177 0.308806 0.044500 0.048481
0 0.390589 0.312222 0.050688 0.074944
0 0.457617 0.315463 0.048724 0.051148
0 0.494023 0.300208 0.051609 0.065528
0 0.477906 0.240532 0.046333 0.056250
0 0.420362 0.250000 0.046484 0.062222
0 0.395813 0.261616 0.047792 0.060898
0 0.352008 0.245023 0.039130 0.062676
0 0.304049 0.235014 0.045641 0.069694
0 0.360661 0.185481 0.054042 0.058241
0 0.418195 0.203093 0.047953 0.059907
0 0.437635 0.181782 0.045573 0.060676
0 0.484339 0.183870 0.050219 0.042815
0 0.455602 0.130875 0.051307 0.043880
0 0.507224 0.157319 0.047844 0.065398
