0 0.473294 0.140958 0.033099 0.099917
0 0.426104 0.127556 0.050469 0.049815
0 0.451107 0.196782 0.049672 0.052917
0 0.400107 0.186667 0.050432 0.050222
0 0.386643 0.221051 0.053849 0.050898
0 0.509310 0.211148 0.050557 0.052111
0 0.551409 0.183856 0.049130 0.079806
0 0.546443 0.131736 0.045177 0.065713
0 0.593107 0.179574 0.043620 0.080815
0 0.587331 0.253648 0.032859 0.077037
0 0.537125 0.233884 0.040927 0.064713
0 0.539570 0.283810 0.038870 0.072806
0 0.621948 0.258194 0.023885 0.093704
0 0.598125 0.313241 0.044896 0.058852
0 0.651135 0.326639 0.034250 0.071667
0 0.611807 0.348194 0.046375 0.055352
0 0.565763 0.328389 0.042443 0.079815
0 0.622870 0.379366 0.044573 0.051269
0 0.642487 0.409639 0.053120 0.053093
0 0.645242 0.445648 0.054224 0.052444
0 0.591812 0.409856 0.041865 0.079639
0 0.561948 0.408986 0.042594 0.085306
0 0.522461 0.398454 0.040026 0.094444
0 0.638031 0.499657 0.039792 0.067722
0 0.584214 0.486310 0.044896 0.087361
0 0.603477 0.498144 0.038661 0.079306
0 0.648432 0.557384 0.026708 0.087972
0 0.619099 0.582440 0.039490 0.087972
0 0.582089 0.596667 0.050417 0.080815
0 0.611901 0.631412 0.034979 0.083843
0 0.565380 0.572245 0.041073 0.079306
0 0.547151 0.549384 0.047021 0.085102
0 0.531005 0.527477 0.044469 0.085102
0 0.501974 0.501167 0.021812 0.090889
0 0.555128 0.452343 0.041786 0.084481
0 0.595747 0.660977 0.039245 0.089324
0 0.582190 0.699065 0.028818 0.081907
0 0.547872 0.675130 0.035266 0.094037
0 0.506513 0.586417 0.052755 0.068759
0 0.505349 0.626894 0.051167 0.070935
0 0.490969 0.660588 0.051437 0.073287
0 0.540497 0.758606 0.030307 0.071509
0 0.481297 0.749542 0.052969 0.043306
0 0.495951 0.788991 0.052151 0.034222
0 0.432224 0.775144 0.049573 0.063102
0 0.395940 0.709009 0.033141 0.098444
0 0.457065 0.688690 0.049005 0.039528
0 0.452208 0.624685 0.023792 0.087370
0 0.426716 0.617764 0.024078 0.095676
0 0.462292 0.523880 0.033563 0.091648
0 0.441401 0.521611 0.034271 0.093148
0 0.401536 0.519972 0.048010 0.082833
0 0.408617 0.433139 0.040505 0.090130
0 0.427453 0.459449 0.044469 0.087361
0 0.479833 0.391690 0.042438 0.090009
0 0.463039 0.414556 0.044245 0.082148
0 0.442932 0.348810 0.047188 0.079231
0 0.492370 0.292120 0.035719 0.087389
0 0.471068 0.291685 0.036052 0.100500
0 0.428289 0.266361 0.050276 0.056907
0 0.410096 0.319639 0.051568 0.059667
0 0.354451 0.260644 0.047859 0.038954
0 0.338513 0.295213 0.045464 0.036759
0 0.320102 0.394815 0.044755 0.057407
0 0.320174 0.442023 0.056224 0.057157
0 0.343357 0.514509 0.048297 0.059926
0 0.302198 0.551972 0.035646 0.090333
0 0.337464 0.624435 0.048917 0.070778
0 0.348315 0.686523 0.040505 0.081324
0 0.569201 0.265662 0.032641 0.076713
