0 0.669497 0.450810 0.021057 0.082287
0 0.572714 0.744370 0.038604 0.081463
0 0.638130 0.598380 0.025667 0.068630
0 0.652279 0.502481 0.023911 0.078000
0 0.561922 0.256519 0.030271 0.077222
0 0.580518 0.175495 0.038380 0.074269
0 0.527211 0.155125 0.045411 0.057880
0 0.487250 0.152940 0.044094 0.061620
0 0.453026 0.201690 0.040146 0.081898
0 0.455552 0.151574 0.040802 0.051093
0 0.401695 0.156255 0.045849 0.070583
0 0.357104 0.221037 0.045177 0.078963
0 0.344794 0.279014 0.052536 0.057306
0 0.329310 0.317819 0.040359 0.042861
0 0.578922 0.250477 0.030052 0.069806
0 0.619724 0.239167 0.046729 0.066685
0 0.529367 0.350468 0.051109 0.038213
0 0.576091 0.327458 0.039266 0.045231
0 0.610862 0.420861 0.028078 0.080722
0 0.615138 0.376009 0.043214 0.074481
0 0.636792 0.317852 0.032990 0.036741
0 0.649305 0.373130 0.036401 0.077185
