0 0.511792 0.209819 0.048969 0.038194
0 0.586716 0.239375 0.040839 0.043009
0 0.626685 0.298731 0.041036 0.075704
0 0.607039 0.307162 0.041224 0.072602
0 0.574523 0.304755 0.047807 0.069157
0 0.545740 0.314380 0.048000 0.061944
0 0.649622 0.406574 0.034734 0.070648
0 0.704693 0.435444 0.024146 0.083537
0 0.672685 0.480343 0.037047 0.045889
0 0.677492 0.528398 0.050224 0.037241
0 0.707677 0.588384 0.029865 0.085750
0 0.664878 0.641102 0.038120 0.073722
0 0.704130 0.673046 0.026312 0.087130
0 0.678247 0.687162 0.026891 0.088639
0 0.659133 0.756773 0.050495 0.058250
0 0.627984 0.720745 0.043521 0.065861
0 0.617120 0.681884 0.037490 0.083750
0 0.608260 0.642273 0.043156 0.068102
0 0.586513 0.580120 0.026432 0.085352
0 0.560919 0.603019 0.026432 0.093685
0 0.600078 0.861616 0.048385 0.036287
0 0.548346 0.846926 0.047307 0.038778
0 0.545831 0.881009 0.047411 0.037056
0 0.480984 0.864667 0.049594 0.037778
0 0.408042 0.796162 0.047844 0.056454
0 0.364797 0.646801 0.037146 0.062898
0 0.367727 0.593134 0.045984 0.073750
0 0.360042 0.561588 0.037115 0.074639
0 0.342057 0.509639 0.019906 0.088630
0 0.386523 0.439153 0.040318 0.042824
0 0.360341 0.383380 0.037359 0.070870
0 0.430258 0.398819 0.045484 0.051769
0 0.392122 0.348333 0.047714 0.079426
0 0.470875 0.420819 0.044531 0.078139
0 0.460971 0.358231 0.032245 0.089963
0 0.420414 0.292556 0.043953 0.051148
0 0.443352 0.267736 0.047005 0.046991
0 0.471039 0.246769 0.046505 0.049667
0 0.490693 0.302380 0.048677 0.045500
0 0.632193 0.450199 0.030740 0.083083
