0 0.535792 0.039343 0.045656 0.057667
0 0.474589 0.034773 0.048104 0.040694
0 0.487380 0.082102 0.049698 0.066593
0 0.558552 0.095051 0.051292 0.052435
0 0.414135 0.091519 0.044552 0.085278
0 0.432430 0.108542 0.050807 0.053935
0 0.470443 0.162977 0.046073 0.089324
0 0.394794 0.155389 0.045880 0.085611
0 0.419336 0.206954 0.039849 0.091148
0 0.607031 0.121676 0.036042 0.097463
0 0.634063 0.150329 0.050510 0.044676
0 0.614833 0.248838 0.048042 0.076824
0 0.633039 0.275356 0.051109 0.078380
0 0.658312 0.305958 0.049646 0.078065
0 0.692232 0.301731 0.032932 0.083611
0 0.618219 0.353602 0.034552 0.081315
0 0.582177 0.364708 0.023510 0.085102
0 0.612169 0.440745 0.021630 0.087972
0 0.640466 0.397491 0.033849 0.084093
0 0.683096 0.430597 0.051411 0.068231
0 0.639789 0.459417 0.041141 0.081574
0 0.678940 0.470037 0.041328 0.073815
0 0.670312 0.504074 0.031281 0.067074
0 0.651992 0.561097 0.039266 0.057713
0 0.647935 0.618815 0.035099 0.078000
0 0.603008 0.642954 0.029839 0.092815
0 0.581510 0.631449 0.034219 0.093991
0 0.545643 0.650366 0.046286 0.049917
0 0.464302 0.692426 0.044552 0.058648
0 0.423445 0.639338 0.045880 0.074491
0 0.399802 0.584935 0.031854 0.082241
0 0.377404 0.527759 0.026380 0.089722
0 0.351482 0.479722 0.036047 0.088556
0 0.474393 0.464111 0.048995 0.076037
0 0.516753 0.446778 0.041297 0.084481
0 0.528828 0.393861 0.025917 0.093407
0 0.337651 0.349481 0.024417 0.082444
0 0.361576 0.329523 0.025724 0.093213
