0 0.530216 0.090657 0.048005 0.042315
0 0.501763 0.124551 0.039484 0.092213
0 0.480667 0.135389 0.041812 0.093944
0 0.455797 0.146574 0.039677 0.092222
0 0.433148 0.153625 0.042391 0.093935
0 0.553734 0.155171 0.054000 0.052991
0 0.384083 0.173759 0.043354 0.085333
0 0.406534 0.202319 0.046068 0.086713
0 0.476875 0.227116 0.032240 0.097676
0 0.501888 0.215551 0.029932 0.095102
0 0.531042 0.214708 0.031281 0.097843
0 0.554964 0.259023 0.026260 0.091306
0 0.517141 0.280106 0.046333 0.041046
0 0.613880 0.179537 0.053927 0.036500
0 0.590966 0.217968 0.052630 0.042917
0 0.628117 0.255222 0.037484 0.034204
0 0.613685 0.292764 0.050859 0.038657
0 0.668805 0.306139 0.039484 0.041315
0 0.628068 0.342551 0.041990 0.039324
0 0.584490 0.356560 0.024146 0.087398
0 0.537427 0.317745 0.050604 0.034954
0 0.540896 0.353731 0.044823 0.039074
0 0.537078 0.391694 0.051615 0.038037
0 0.484237 0.372162 0.052339 0.044213
0 0.472883 0.412773 0.048724 0.035991
0 0.540768 0.432819 0.046266 0.037528
0 0.589635 0.435778 0.035281 0.088685
0 0.530427 0.468421 0.049302 0.034694
0 0.622518 0.402727 0.037234 0.082639
0 0.680188 0.389292 0.024865 0.089972
0 0.703247 0.437194 0.023422 0.081741
0 0.651344 0.447343 0.031521 0.087648
0 0.675922 0.475231 0.023135 0.081222
0 0.609807 0.463250 0.039854 0.060481
0 0.600987 0.508227 0.052859 0.067750
0 0.640883 0.535778 0.042828 0.069593
0 0.559833 0.544106 0.036969 0.088028
0 0.524703 0.553472 0.051021 0.065722
0 0.484958 0.453463 0.050458 0.055778
0 0.476716 0.510394 0.050464 0.063231
0 0.430943 0.407838 0.039323 0.093046
0 0.416990 0.470296 0.053635 0.045241
0 0.423930 0.511810 0.052339 0.037787
0 0.480370 0.572208 0.050854 0.043417
0 0.543188 0.624222 0.048177 0.045204
0 0.676198 0.597694 0.042156 0.069296
0 0.633372 0.657028 0.046505 0.038667
0 0.615385 0.683505 0.044531 0.043954
0 0.574115 0.704009 0.047615 0.046111
0 0.563758 0.739278 0.047422 0.045074
0 0.511130 0.692347 0.051292 0.046454
0 0.513253 0.741380 0.051661 0.046796
0 0.471857 0.704662 0.028484 0.096380
0 0.416701 0.690630 0.046120 0.064259
0 0.433440 0.629894 0.044714 0.043009
0 0.385341 0.584125 0.044516 0.045769
0 0.381276 0.621116 0.054969 0.041287
0 0.340289 0.555764 0.029932 0.086361
0 0.368383 0.482250 0.029495 0.090741
0 0.344760 0.425986 0.022740 0.087972
0 0.322328 0.400551 0.022865 0.085083
0 0.443313 0.322236 0.050323 0.045769
0 0.451536 0.282148 0.050521 0.047481
0 0.387953 0.291611 0.052260 0.065037
0 0.375276 0.319139 0.053615 0.064352
0 0.352195 0.249741 0.040484 0.074944
0 0.413927 0.241417 0.044833 0.083870
