0 0.370227 0.216255 0.044672 0.074454
0 0.399669 0.241972 0.052286 0.041056
0 0.448401 0.256185 0.045177 0.043315
0 0.330013 0.201088 0.051391 0.052731
0 0.285268 0.602634 0.051568 0.041120
0 0.325021 0.254741 0.039344 0.072648
0 0.296073 0.641056 0.050052 0.033704
0 0.260641 0.356343 0.025594 0.094037
0 0.298747 0.383310 0.046453 0.085954
0 0.389727 0.390060 0.053089 0.041361
0 0.404229 0.361366 0.052271 0.042824
0 0.250250 0.469662 0.019531 0.089324
0 0.268060 0.524944 0.045630 0.074093
0 0.410557 0.306634 0.051521 0.037454
0 0.296852 0.296176 0.045693 0.078870
0 0.337518 0.344213 0.035266 0.062352
0 0.396849 0.278657 0.044417 0.045574
0 0.357763 0.299861 0.029693 0.073556
0 0.335841 0.526509 0.053526 0.052259
0 0.571177 0.524167 0.037948 0.084630
0 0.504380 0.443829 0.052208 0.054213
0 0.590492 0.326125 0.038422 0.075787
0 0.576792 0.254921 0.043427 0.063509
0 0.540315 0.221069 0.037526 0.056509
0 0.494977 0.156463 0.047464 0.037000
0 0.460456 0.168194 0.035276 0.061370
0 0.433552 0.163458 0.033250 0.059102
0 0.375682 0.160977 0.043406 0.064972
