0 0.357914 0.277889 0.045432 0.037907
0 0.372891 0.225546 0.040354 0.068593
0 0.640615 0.311375 0.042604 0.077787
0 0.623492 0.372986 0.029328 0.071083
0 0.639534 0.393380 0.030974 0.072833
0 0.586375 0.438648 0.022448 0.087685
0 0.648448 0.495889 0.020813 0.080981
0 0.672128 0.469528 0.020318 0.083611
0 0.607747 0.563870 0.035078 0.090000
0 0.634099 0.551736 0.024458 0.074491
0 0.665005 0.558644 0.022937 0.088306
0 0.635997 0.633472 0.036974 0.050556
0 0.629521 0.701764 0.030313 0.078361
0 0.561883 0.178722 0.048859 0.045574
0 0.552464 0.245060 0.021813 0.090139
0 0.531786 0.220644 0.021812 0.069491
0 0.591573 0.230361 0.050635 0.035833
0 0.572482 0.290519 0.022943 0.071667
0 0.535940 0.301880 0.043911 0.064093
0 0.505255 0.180875 0.030458 0.088435
0 0.463247 0.156509 0.049495 0.054148
0 0.424161 0.208398 0.044417 0.051444
0 0.609318 0.330458 0.035719 0.072250
