0 0.339901 0.215366 0.022583 0.082676
0 0.516253 0.077421 0.029026 0.072324
0 0.552271 0.071894 0.049229 0.049287
0 0.598135 0.194194 0.029021 0.095815
0 0.639393 0.198204 0.026932 0.083574
0 0.646703 0.263954 0.046677 0.060074
0 0.651219 0.391750 0.024594 0.080889
0 0.666359 0.391153 0.022750 0.082083
0 0.314307 0.225028 0.034292 0.066907
0 0.321148 0.285727 0.036130 0.078213
0 0.293984 0.403787 0.029031 0.089815
0 0.426172 0.679657 0.031281 0.085944
0 0.478615 0.692597 0.038813 0.083269
0 0.508263 0.713792 0.039641 0.034639
