0 0.434773 0.096769 0.049141 0.068981
0 0.483029 0.125634 0.048016 0.057676
0 0.531404 0.118222 0.044328 0.065463
0 0.544292 0.088255 0.045177 0.064454
0 0.608336 0.165458 0.043422 0.069620
0 0.508042 0.195838 0.051042 0.070287
0 0.458958 0.171796 0.051042 0.054407
0 0.388435 0.153088 0.051411 0.043806
0 0.417383 0.247579 0.030161 0.099454
0 0.370646 0.233102 0.025917 0.073519
0 0.347492 0.243296 0.024641 0.077296
0 0.608669 0.273736 0.029089 0.092157
0 0.636247 0.286250 0.037245 0.085852
0 0.657562 0.279833 0.038521 0.087111
0 0.678706 0.391671 0.020536 0.083843
0 0.631828 0.375431 0.054240 0.039787
0 0.636503 0.407028 0.053391 0.037519
0 0.589836 0.352144 0.036536 0.083343
0 0.551529 0.383236 0.039797 0.089120
0 0.587096 0.425685 0.039818 0.087981
0 0.661427 0.461463 0.037812 0.035000
0 0.654771 0.497468 0.052260 0.042546
0 0.607823 0.501370 0.037958 0.084093
0 0.665492 0.558847 0.039516 0.079806
0 0.613799 0.559477 0.052255 0.051861
0 0.637805 0.608449 0.044755 0.074269
0 0.530089 0.489019 0.042604 0.080981
0 0.570974 0.529509 0.030312 0.086222
0 0.539349 0.549171 0.038177 0.073120
0 0.566513 0.593389 0.040505 0.079056
0 0.582232 0.623227 0.040505 0.072769
0 0.600854 0.637074 0.033562 0.080315
0 0.617859 0.706579 0.043208 0.051139
0 0.602305 0.781000 0.036401 0.097741
0 0.548229 0.797356 0.039938 0.094417
0 0.508703 0.688088 0.019260 0.088120
0 0.535023 0.625347 0.047682 0.075157
0 0.491026 0.633218 0.039000 0.091472
0 0.430544 0.737417 0.042443 0.066426
0 0.476458 0.514306 0.050958 0.036704
0 0.391789 0.603065 0.053255 0.054759
0 0.320099 0.585731 0.025563 0.086519
0 0.373810 0.451764 0.054859 0.049417
0 0.326445 0.469773 0.025776 0.093157
0 0.303289 0.427843 0.025724 0.092352
0 0.377109 0.393032 0.043917 0.071083
0 0.453255 0.411847 0.049979 0.060306
0 0.495695 0.380417 0.052766 0.050981
0 0.506182 0.312523 0.040385 0.091343
0 0.447409 0.327190 0.052141 0.047861
0 0.449305 0.293481 0.049859 0.041796
0 0.391000 0.337083 0.051125 0.064704
0 0.377826 0.308009 0.044328 0.076537
0 0.339307 0.348162 0.028469 0.083843
0 0.319833 0.320343 0.024927 0.095167
