0 0.405438 0.186685 0.049740 0.042148
0 0.449969 0.214319 0.032385 0.095361
0 0.476643 0.214444 0.030505 0.098704
0 0.513042 0.216019 0.041990 0.093981
0 0.531529 0.239810 0.040484 0.080898
0 0.573414 0.263481 0.046339 0.082074
0 0.560451 0.290097 0.047172 0.076435
0 0.547234 0.317907 0.051187 0.070778
0 0.499906 0.314713 0.045979 0.087907
0 0.465656 0.349597 0.034990 0.099213
0 0.413078 0.314495 0.024969 0.076046
0 0.429344 0.242847 0.034990 0.071750
0 0.382672 0.234519 0.051354 0.044870
0 0.375219 0.267986 0.051615 0.041380
0 0.369005 0.311556 0.046990 0.043185
0 0.305271 0.313894 0.032865 0.091083
0 0.334451 0.354991 0.037984 0.037093
0 0.359026 0.413620 0.042510 0.062204
0 0.312833 0.389718 0.039760 0.048843
0 0.297797 0.415551 0.055083 0.060398
0 0.327339 0.457981 0.041490 0.063648
0 0.328091 0.495449 0.041984 0.067213
0 0.337878 0.527866 0.053193 0.063046
0 0.285182 0.475676 0.039146 0.086537
0 0.305240 0.555139 0.028938 0.086833
0 0.290604 0.605694 0.042490 0.085056
0 0.344794 0.603171 0.051880 0.056806
0 0.351023 0.639764 0.054776 0.057120
0 0.384896 0.597787 0.031167 0.094278
0 0.411182 0.531824 0.038979 0.081481
0 0.399891 0.577620 0.030448 0.093981
0 0.436292 0.472435 0.047844 0.053833
0 0.451135 0.390787 0.034490 0.091963
0 0.484951 0.408898 0.039859 0.091574
0 0.505552 0.463046 0.053302 0.042204
0 0.449589 0.529019 0.035833 0.084407
0 0.463250 0.555292 0.038073 0.086787
0 0.519573 0.501347 0.052177 0.037028
0 0.514198 0.535588 0.052625 0.038620
0 0.439362 0.622907 0.041422 0.071222
0 0.405247 0.649606 0.051182 0.082769
0 0.363161 0.696491 0.047427 0.040870
0 0.359042 0.733759 0.044385 0.038296
0 0.410872 0.690417 0.060776 0.100130
0 0.490753 0.662995 0.051484 0.058843
0 0.473042 0.701000 0.050906 0.070852
0 0.461135 0.732847 0.050323 0.059528
0 0.451805 0.783940 0.051505 0.052954
0 0.390107 0.790509 0.055318 0.053352
0 0.472273 0.830639 0.053974 0.048574
0 0.544656 0.663167 0.052260 0.051611
0 0.573398 0.690694 0.054005 0.047481
0 0.524227 0.725102 0.047828 0.071574
0 0.546115 0.751958 0.047844 0.072269
0 0.559414 0.775898 0.046005 0.076130
0 0.496529 0.595704 0.037401 0.085204
0 0.517581 0.599884 0.037401 0.089583
0 0.555539 0.571417 0.042995 0.082019
0 0.587305 0.627069 0.046859 0.067102
0 0.620523 0.678495 0.040484 0.082676
0 0.625747 0.589417 0.054641 0.040611
0 0.583867 0.527505 0.042547 0.084009
0 0.603687 0.512773 0.041875 0.085602
0 0.621604 0.488685 0.048594 0.086000
0 0.525573 0.418245 0.045500 0.078806
0 0.566974 0.439213 0.036969 0.093389
0 0.592154 0.432074 0.035130 0.090407
0 0.630638 0.437190 0.043234 0.088935
0 0.560888 0.370694 0.054109 0.060426
0 0.633039 0.366662 0.030797 0.085843
0 0.314641 0.690949 0.035969 0.090509
