0 0.433430 0.489176 0.038141 0.088630
0 0.422669 0.630977 0.025755 0.076046
0 0.436331 0.696074 0.049943 0.039815
0 0.454471 0.634361 0.039641 0.089185
0 0.486271 0.683532 0.043219 0.080028
0 0.463911 0.539681 0.028500 0.094435
0 0.528172 0.674421 0.045083 0.064491
0 0.504073 0.569620 0.051823 0.044685
0 0.551880 0.627204 0.041198 0.045611
0 0.497336 0.623287 0.047161 0.036852
0 0.621427 0.272731 0.032792 0.081778
0 0.593490 0.327509 0.052198 0.045796
0 0.541599 0.345255 0.043354 0.039917
0 0.613698 0.385514 0.051677 0.046102
0 0.582099 0.456435 0.050385 0.043796
0 0.587474 0.422991 0.050833 0.045389
0 0.537870 0.430361 0.050615 0.072056
0 0.623641 0.461611 0.021500 0.086000
0 0.604268 0.548009 0.025307 0.086796
0 0.585794 0.531685 0.039411 0.078037
0 0.552763 0.486694 0.044568 0.060519
0 0.532187 0.503060 0.049490 0.068176
0 0.270510 0.398588 0.027271 0.091306
0 0.563669 0.579296 0.048714 0.062185
0 0.293849 0.418069 0.028771 0.089806
0 0.276036 0.488856 0.024000 0.090213
0 0.310302 0.484097 0.030073 0.086880
0 0.356411 0.509995 0.024927 0.082083
0 0.369812 0.670412 0.046167 0.071380
0 0.386542 0.585093 0.032906 0.092907
