0 0.499141 0.069907 0.043323 0.065426
0 0.543888 0.121801 0.043828 0.057398
0 0.581857 0.165773 0.031359 0.086361
0 0.587760 0.229949 0.044323 0.052306
0 0.554469 0.202764 0.022260 0.091528
0 0.532500 0.185903 0.027875 0.077769
0 0.509081 0.163884 0.024391 0.073639
0 0.479951 0.156486 0.027682 0.068472
0 0.513453 0.240685 0.045292 0.070537
0 0.564167 0.287481 0.033677 0.069852
0 0.503625 0.308898 0.050688 0.055611
0 0.477779 0.325398 0.051859 0.055907
0 0.530641 0.353356 0.051854 0.071972
0 0.574786 0.463333 0.039479 0.082074
0 0.534891 0.479986 0.048344 0.067213
0 0.475354 0.480375 0.048177 0.035991
0 0.582651 0.637421 0.040479 0.091509
0 0.535242 0.574472 0.029943 0.074352
0 0.515167 0.559898 0.030615 0.093981
0 0.487315 0.576255 0.035464 0.073750
0 0.543188 0.671171 0.029802 0.066065
0 0.500529 0.645079 0.049161 0.065287
0 0.511169 0.687491 0.048432 0.042148
0 0.517596 0.722190 0.048276 0.040102
0 0.415875 0.735690 0.051125 0.033991
0 0.356948 0.645931 0.039677 0.074324
0 0.344927 0.583407 0.051490 0.065037
0 0.318604 0.610074 0.038323 0.081204
0 0.363706 0.479926 0.026266 0.089519
0 0.391057 0.431009 0.030781 0.089815
0 0.343664 0.511444 0.024839 0.082556
0 0.309872 0.532662 0.045984 0.086639
0 0.285891 0.506116 0.035990 0.088861
0 0.279794 0.430449 0.051099 0.052991
0 0.362581 0.370477 0.029422 0.094287
0 0.418727 0.302144 0.041484 0.073157
0 0.360109 0.175958 0.046333 0.065731
0 0.368810 0.106069 0.046339 0.043120
0 0.439169 0.125435 0.048578 0.050889
0 0.402099 0.080787 0.049302 0.049611
0 0.455521 0.081171 0.045979 0.079676
