0 0.520721 0.051574 0.050672 0.035685
0 0.500365 0.094088 0.047125 0.062454
0 0.449570 0.091588 0.038068 0.066583
0 0.497583 0.151375 0.045604 0.083843
0 0.400430 0.132491 0.021807 0.090389
0 0.447521 0.179574 0.050562 0.048093
0 0.552805 0.120963 0.051776 0.058759
0 0.544724 0.151102 0.049573 0.052870
0 0.598078 0.116532 0.048719 0.053380
0 0.594115 0.161727 0.041917 0.074269
0 0.601208 0.226431 0.035833 0.076028
0 0.635719 0.251616 0.042844 0.077250
0 0.579250 0.284014 0.028438 0.093028
0 0.667477 0.276773 0.021526 0.088657
0 0.628740 0.313662 0.050844 0.045546
0 0.625979 0.342361 0.037385 0.050130
0 0.657555 0.366722 0.030109 0.090741
0 0.610810 0.429412 0.023370 0.088380
0 0.631630 0.412042 0.021948 0.083843
0 0.685021 0.439102 0.022802 0.089130
0 0.655792 0.563505 0.032292 0.089880
0 0.615365 0.615093 0.022615 0.088852
0 0.546253 0.709644 0.046443 0.059991
0 0.430867 0.698833 0.042109 0.069204
0 0.345146 0.576167 0.044750 0.077111
0 0.353865 0.516977 0.046031 0.078806
0 0.333034 0.410718 0.028953 0.089694
0 0.361552 0.338574 0.043437 0.079556
0 0.319167 0.305181 0.030906 0.091676
0 0.346661 0.236769 0.025563 0.090889
0 0.386565 0.264301 0.041130 0.094676
0 0.367609 0.139787 0.041333 0.084944
0 0.449503 0.216495 0.047359 0.038454
