0 0.551042 0.268843 0.051333 0.047574
0 0.557951 0.309014 0.050672 0.044454
0 0.581005 0.655315 0.047604 0.072926
0 0.574424 0.620606 0.046286 0.075269
0 0.538669 0.606181 0.031370 0.076046
0 0.599880 0.297597 0.040635 0.069620
0 0.397857 0.211514 0.042120 0.075269
0 0.368898 0.273329 0.024130 0.095157
0 0.368352 0.192602 0.038828 0.060056
0 0.325516 0.236282 0.025917 0.065880
0 0.324375 0.328333 0.023125 0.074907
0 0.592414 0.685542 0.031807 0.080343
0 0.294932 0.327884 0.037281 0.055046
0 0.545807 0.763778 0.039625 0.075167
0 0.529563 0.715764 0.040802 0.067472
0 0.300250 0.267870 0.029187 0.072204
0 0.483734 0.180463 0.046208 0.044704
0 0.450776 0.222144 0.045531 0.066454
0 0.438711 0.130931 0.051307 0.048324
0 0.390661 0.143227 0.043604 0.046176
0 0.399174 0.265139 0.039484 0.082685
0 0.550273 0.196894 0.047161 0.056546
0 0.518685 0.223995 0.049359 0.039787
0 0.493586 0.148449 0.046891 0.047120
