0 0.550628 0.105218 0.049859 0.042454
0 0.518490 0.164648 0.023865 0.060204
0 0.690010 0.332486 0.033615 0.082194
0 0.684047 0.436856 0.042219 0.084046
0 0.672047 0.491852 0.047177 0.074056
0 0.595177 0.452806 0.039479 0.090111
0 0.568581 0.472431 0.041818 0.063343
0 0.636081 0.518528 0.036297 0.068704
0 0.643474 0.590315 0.034615 0.062870
0 0.598552 0.604310 0.050979 0.039769
0 0.594773 0.647032 0.050651 0.048769
0 0.595911 0.688454 0.045552 0.064056
0 0.534857 0.730833 0.046578 0.036667
0 0.549271 0.683690 0.047510 0.057250
0 0.544464 0.648306 0.048646 0.055500
0 0.559156 0.583782 0.035854 0.069657
0 0.529805 0.585065 0.039036 0.088167
0 0.472919 0.653005 0.050234 0.038213
0 0.479513 0.692866 0.043682 0.048120
0 0.456318 0.725389 0.050312 0.038833
0 0.405003 0.684769 0.048078 0.047185
0 0.437630 0.383690 0.041323 0.082083
0 0.387018 0.465722 0.040776 0.070944
0 0.336536 0.523759 0.037031 0.070685
0 0.333552 0.469579 0.049302 0.068620
0 0.329263 0.406176 0.051734 0.059315
0 0.369125 0.390407 0.022750 0.080296
0 0.390289 0.365130 0.023255 0.074352
0 0.426990 0.336222 0.037135 0.075537
0 0.454474 0.275704 0.022250 0.070778
0 0.474214 0.267231 0.022583 0.071074
0 0.386255 0.290500 0.051031 0.062537
0 0.332464 0.367806 0.051604 0.059093
0 0.324966 0.326819 0.040859 0.075306
0 0.300687 0.277282 0.040115 0.080639
0 0.355078 0.245310 0.039854 0.069120
0 0.406276 0.224366 0.045396 0.058343
0 0.466253 0.203208 0.047411 0.059324
0 0.416263 0.178269 0.051859 0.043759
0 0.415508 0.142505 0.048911 0.040657
0 0.421362 0.104074 0.048891 0.042167
0 0.455174 0.140986 0.026745 0.090991
0 0.478958 0.136338 0.026312 0.073046
0 0.459073 0.075611 0.043115 0.047981
0 0.497682 0.142519 0.027323 0.094463
