0 0.508958 0.066667 0.023292 0.060907
0 0.531128 0.136338 0.048818 0.050565
0 0.592154 0.101306 0.023516 0.062500
0 0.528443 0.206611 0.023740 0.096352
0 0.628872 0.143440 0.048005 0.059528
0 0.623161 0.176648 0.027292 0.091537
0 0.592292 0.190759 0.037937 0.084648
0 0.578935 0.223102 0.040255 0.086019
0 0.571096 0.259060 0.040453 0.088435
0 0.630997 0.257889 0.046505 0.079407
0 0.673654 0.291528 0.030109 0.069593
0 0.673065 0.405347 0.020495 0.080861
0 0.655185 0.437727 0.019068 0.079991
0 0.633104 0.439213 0.034125 0.083574
0 0.672667 0.495273 0.033292 0.075546
0 0.605487 0.497523 0.026120 0.087750
0 0.565763 0.426079 0.052484 0.036880
0 0.562510 0.466852 0.049302 0.044463
0 0.589375 0.657949 0.048844 0.046991
0 0.550982 0.554903 0.052359 0.066324
0 0.541865 0.644866 0.045500 0.052935
0 0.532409 0.532551 0.053495 0.065806
0 0.526120 0.469236 0.024219 0.086713
0 0.503729 0.611519 0.034083 0.088778
0 0.509826 0.704278 0.048432 0.048833
0 0.448862 0.644606 0.051359 0.050213
0 0.402555 0.665157 0.049859 0.055093
0 0.482823 0.540722 0.032021 0.096352
0 0.378935 0.610069 0.050172 0.041898
0 0.337508 0.562287 0.039307 0.050685
0 0.332818 0.511310 0.052271 0.047287
0 0.495771 0.400968 0.044281 0.087750
0 0.511464 0.427384 0.041542 0.087972
