0 0.310797 0.366546 0.022094 0.090889
0 0.335755 0.275421 0.030146 0.093028
0 0.372570 0.182412 0.041130 0.088269
0 0.414518 0.160708 0.031297 0.053602
0 0.445651 0.138134 0.043094 0.060880
0 0.470023 0.125292 0.039089 0.052620
0 0.466576 0.196509 0.048911 0.067074
0 0.511453 0.108306 0.045312 0.063370
0 0.526013 0.184750 0.028818 0.096056
0 0.550568 0.206319 0.024458 0.094713
0 0.566398 0.160819 0.032609 0.076509
0 0.601112 0.166713 0.047589 0.062019
0 0.579023 0.230250 0.038297 0.092685
0 0.564224 0.311704 0.052427 0.064741
0 0.555341 0.342898 0.042995 0.071759
0 0.625146 0.239046 0.036542 0.051852
0 0.649891 0.276329 0.040802 0.076324
0 0.615479 0.327745 0.051615 0.038750
0 0.645268 0.393083 0.051568 0.057981
0 0.561089 0.410778 0.047021 0.080556
0 0.629911 0.425273 0.050052 0.067750
0 0.616938 0.581037 0.042771 0.083315
0 0.634701 0.685940 0.045714 0.060009
0 0.583328 0.642394 0.038344 0.092343
0 0.595536 0.715218 0.021135 0.059139
0 0.554148 0.732583 0.048474 0.043519
0 0.547268 0.775662 0.050016 0.056546
0 0.520273 0.718509 0.039818 0.082148
0 0.500120 0.655440 0.021792 0.066713
0 0.468680 0.761463 0.044422 0.071296
0 0.426706 0.765769 0.041620 0.069852
0 0.371711 0.711407 0.036474 0.077463
0 0.375685 0.656292 0.051755 0.044491
0 0.414552 0.703477 0.044552 0.053250
0 0.434534 0.690222 0.043057 0.079556
0 0.468026 0.668194 0.040927 0.090889
0 0.307391 0.494412 0.031365 0.088528
