0 0.528471 0.069755 0.051703 0.038361
0 0.567464 0.120625 0.033646 0.070546
0 0.500148 0.185194 0.038391 0.078389
0 0.525693 0.224972 0.025427 0.086185
0 0.581422 0.156722 0.033781 0.092426
0 0.611299 0.152671 0.033786 0.097269
0 0.582815 0.223000 0.040026 0.060278
0 0.611112 0.269370 0.038297 0.094222
0 0.581245 0.270398 0.051271 0.087537
0 0.665385 0.202264 0.030708 0.076713
0 0.646604 0.268366 0.025635 0.087991
0 0.678456 0.287093 0.023349 0.092056
0 0.702313 0.285963 0.022844 0.093407
0 0.626513 0.330083 0.031089 0.095741
0 0.649576 0.352093 0.020109 0.076796
0 0.702385 0.370319 0.050698 0.074269
0 0.645286 0.475704 0.023594 0.089722
0 0.680424 0.545315 0.029880 0.092426
0 0.651492 0.603875 0.030255 0.064509
0 0.618784 0.639125 0.040776 0.075750
0 0.621016 0.681639 0.049719 0.049833
0 0.575445 0.719481 0.045411 0.059185
0 0.487708 0.733907 0.043979 0.049741
0 0.430336 0.703889 0.048266 0.047204
0 0.401331 0.619690 0.040974 0.078324
0 0.357388 0.580019 0.038068 0.081222
0 0.404641 0.563694 0.055094 0.073259
0 0.511500 0.535056 0.053229 0.056778
0 0.498435 0.489810 0.050714 0.044046
0 0.586758 0.545611 0.057255 0.051667
0 0.572810 0.470597 0.050359 0.076861
0 0.423159 0.475463 0.063734 0.102630
0 0.391794 0.497792 0.041984 0.085528
0 0.340703 0.508028 0.054000 0.072185
0 0.349185 0.447898 0.058047 0.067815
0 0.376638 0.387551 0.024839 0.083713
0 0.408724 0.373343 0.027771 0.099333
0 0.442263 0.390292 0.037641 0.076731
0 0.323542 0.366829 0.022490 0.092417
0 0.356156 0.350060 0.021240 0.095750
0 0.408987 0.296741 0.049109 0.064426
0 0.449547 0.328431 0.045896 0.087546
0 0.498276 0.328958 0.051458 0.053380
0 0.547654 0.313389 0.037807 0.094574
0 0.366495 0.258792 0.050865 0.065083
0 0.458891 0.265532 0.049896 0.037435
0 0.458484 0.227218 0.049844 0.043306
0 0.423742 0.200366 0.050776 0.061898
0 0.444492 0.141042 0.049380 0.066880
0 0.402336 0.149088 0.046068 0.078454
0 0.365156 0.216167 0.052052 0.071963
