0 0.328576 0.355431 0.028401 0.096176
0 0.369865 0.260102 0.043917 0.066130
0 0.399198 0.255880 0.051781 0.055352
0 0.439440 0.208282 0.047849 0.085935
0 0.475180 0.181685 0.022609 0.068463
0 0.478867 0.245481 0.052599 0.067870
0 0.518521 0.224940 0.045062 0.083898
0 0.520406 0.176292 0.045229 0.085065
0 0.558146 0.162806 0.044406 0.056519
0 0.582393 0.206356 0.048995 0.069046
0 0.541544 0.290157 0.043901 0.069741
0 0.585305 0.243199 0.056651 0.079065
0 0.642008 0.238347 0.035557 0.078361
0 0.615333 0.298852 0.038344 0.084185
0 0.633521 0.286032 0.046208 0.073120
0 0.670799 0.315454 0.029328 0.085944
0 0.576737 0.317602 0.032859 0.077796
0 0.595359 0.347810 0.029031 0.080824
0 0.617888 0.371981 0.025370 0.081833
0 0.643680 0.372259 0.025234 0.082444
0 0.672659 0.406866 0.021672 0.082306
0 0.692768 0.396921 0.023651 0.088602
0 0.496229 0.340417 0.051896 0.048963
0 0.454307 0.405755 0.020667 0.096398
0 0.514599 0.386880 0.048344 0.062019
0 0.562378 0.402556 0.050245 0.075833
0 0.559437 0.443338 0.043229 0.080565
0 0.501328 0.450588 0.046448 0.071454
0 0.509576 0.509736 0.031286 0.093361
0 0.548633 0.514292 0.045693 0.086287
0 0.542289 0.573694 0.034880 0.092815
0 0.594935 0.537657 0.047599 0.085407
0 0.597083 0.454088 0.022844 0.084380
0 0.624875 0.454315 0.023604 0.083926
0 0.684263 0.467824 0.052141 0.036778
0 0.636844 0.505861 0.036969 0.077463
0 0.658203 0.517935 0.046146 0.080296
0 0.682010 0.536542 0.036719 0.085306
0 0.653810 0.586958 0.040391 0.065065
0 0.630674 0.607199 0.055078 0.065065
0 0.578404 0.642861 0.055859 0.054537
0 0.626016 0.683292 0.040802 0.096139
0 0.574341 0.709889 0.037974 0.076352
0 0.504362 0.696384 0.049193 0.074102
0 0.540951 0.739245 0.054807 0.069991
0 0.581836 0.776227 0.047016 0.069991
0 0.610487 0.728699 0.038099 0.093157
0 0.481539 0.812106 0.051453 0.053306
