0 0.521500 0.136519 0.049865 0.068759
0 0.486901 0.160954 0.020854 0.098759
0 0.465760 0.130620 0.021802 0.072463
0 0.444906 0.121856 0.021802 0.075843
0 0.523870 0.217074 0.040573 0.083593
0 0.552594 0.224995 0.040385 0.081898
0 0.588802 0.229431 0.050302 0.054472
0 0.616987 0.298657 0.030641 0.088648
0 0.597542 0.309745 0.040646 0.088620
0 0.563693 0.317801 0.033000 0.087620
0 0.525208 0.323639 0.042438 0.078074
0 0.495383 0.305139 0.048339 0.084185
0 0.492784 0.254704 0.046734 0.087111
0 0.462898 0.247782 0.040505 0.084343
0 0.431177 0.246648 0.030021 0.095667
0 0.438453 0.313588 0.051531 0.039824
0 0.475565 0.367028 0.051776 0.043741
0 0.547419 0.375611 0.039370 0.087870
0 0.580984 0.384421 0.035687 0.094417
0 0.536021 0.415639 0.035260 0.086870
0 0.615576 0.394417 0.024130 0.092037
0 0.637076 0.423472 0.022818 0.077611
0 0.590065 0.442194 0.026766 0.093204
0 0.625273 0.486847 0.048922 0.075657
0 0.493698 0.429981 0.047167 0.079556
0 0.508505 0.476782 0.050458 0.074880
0 0.550404 0.473667 0.042557 0.059278
0 0.553255 0.514222 0.049573 0.064741
0 0.617284 0.535255 0.048724 0.077861
0 0.570846 0.540310 0.052161 0.073139
0 0.578510 0.574014 0.052708 0.074491
0 0.597471 0.592218 0.039818 0.077861
0 0.605281 0.632898 0.048917 0.074833
0 0.575896 0.671324 0.032229 0.084259
0 0.542716 0.599699 0.027682 0.086620
0 0.556841 0.698796 0.030901 0.083926
0 0.521065 0.680796 0.027297 0.094037
0 0.525047 0.771463 0.051948 0.048870
0 0.489875 0.744329 0.049104 0.039102
0 0.447503 0.768593 0.049297 0.082241
0 0.478096 0.690574 0.053255 0.048648
0 0.479490 0.648773 0.052760 0.049528
0 0.500656 0.616079 0.048292 0.038269
0 0.491896 0.575907 0.053854 0.039815
0 0.496302 0.531662 0.047031 0.046898
0 0.463708 0.510602 0.022615 0.087685
0 0.395911 0.112606 0.048010 0.058157
0 0.398036 0.152005 0.052260 0.048343
0 0.358013 0.189199 0.045693 0.061009
0 0.338203 0.207060 0.044365 0.057639
0 0.302198 0.256810 0.037542 0.096065
0 0.351018 0.323819 0.025974 0.098750
0 0.289779 0.343875 0.041141 0.084269
0 0.423841 0.359148 0.053422 0.044574
0 0.421958 0.396148 0.049979 0.049815
0 0.455396 0.424301 0.048010 0.071509
0 0.426510 0.471625 0.046896 0.083565
0 0.425568 0.525662 0.047281 0.083602
0 0.441771 0.591907 0.049990 0.061185
0 0.427891 0.624509 0.051406 0.060926
0 0.425466 0.671028 0.050797 0.066704
0 0.411872 0.736046 0.044047 0.093907
0 0.301971 0.625718 0.038391 0.092028
0 0.343432 0.581259 0.054625 0.047574
0 0.361682 0.517884 0.056156 0.069806
