0 0.442177 0.133750 0.048823 0.043000
0 0.426810 0.181444 0.048568 0.039444
0 0.471755 0.198241 0.035240 0.080870
0 0.493122 0.159921 0.040734 0.037991
0 0.525224 0.197972 0.049302 0.034704
0 0.564984 0.155046 0.049302 0.040870
0 0.417073 0.259264 0.042490 0.086861
0 0.520680 0.252778 0.047734 0.077981
0 0.482565 0.263889 0.049984 0.053093
0 0.499294 0.304361 0.049109 0.051759
0 0.519852 0.329907 0.049234 0.053981
0 0.447378 0.342394 0.045234 0.082639
0 0.355836 0.296611 0.027349 0.071685
0 0.331680 0.311319 0.032422 0.072880
0 0.395299 0.352208 0.037526 0.070194
0 0.359930 0.348593 0.056734 0.051759
0 0.321318 0.383403 0.033698 0.092157
0 0.354833 0.408273 0.033833 0.073769
0 0.407534 0.395292 0.052776 0.039583
0 0.306036 0.465440 0.024000 0.081731
0 0.326568 0.473796 0.022552 0.083019
0 0.377677 0.468782 0.023281 0.080194
0 0.416716 0.447551 0.039182 0.055769
0 0.356161 0.523944 0.024427 0.089815
0 0.318583 0.570708 0.027292 0.088083
0 0.343940 0.632644 0.020714 0.086028
0 0.395706 0.616435 0.032286 0.091000
0 0.384385 0.556968 0.031865 0.089120
0 0.412760 0.522380 0.030865 0.091296
0 0.435005 0.518162 0.026865 0.086861
0 0.454211 0.501185 0.034859 0.094407
0 0.487664 0.577338 0.041859 0.089083
0 0.526057 0.587583 0.051354 0.050852
0 0.538732 0.533912 0.050870 0.047454
0 0.479635 0.461273 0.035750 0.079491
0 0.493198 0.430102 0.039906 0.092019
0 0.537297 0.449505 0.021688 0.091250
0 0.577042 0.365120 0.036719 0.094074
0 0.672958 0.381236 0.032823 0.087898
0 0.658195 0.450171 0.024193 0.087750
0 0.682099 0.476324 0.025167 0.086370
0 0.653872 0.613745 0.038891 0.078139
0 0.610208 0.626083 0.041781 0.059630
0 0.617422 0.678884 0.041469 0.052991
0 0.585526 0.716148 0.041990 0.080889
0 0.596651 0.746486 0.043156 0.088620
0 0.547505 0.785755 0.048000 0.069398
0 0.497406 0.746042 0.046990 0.063491
0 0.474490 0.807477 0.044531 0.043954
