0 0.486495 0.025074 0.046448 0.036481
0 0.508518 0.059060 0.045745 0.043028
0 0.559836 0.068264 0.042089 0.057306
0 0.591880 0.106347 0.050812 0.068083
0 0.627995 0.113093 0.047969 0.068759
0 0.582174 0.144329 0.041068 0.080824
0 0.571128 0.180079 0.050984 0.068731
0 0.482758 0.110486 0.053953 0.042694
0 0.525016 0.186347 0.045458 0.060176
0 0.611154 0.208505 0.024359 0.084343
0 0.665224 0.207898 0.028469 0.087111
0 0.628315 0.284718 0.019547 0.084602
0 0.568904 0.226653 0.051786 0.072250
0 0.552008 0.249935 0.051286 0.073981
0 0.669599 0.279755 0.037385 0.037769
0 0.674695 0.313116 0.037672 0.039528
0 0.669440 0.370468 0.052880 0.040472
0 0.624273 0.382870 0.040641 0.068333
0 0.661362 0.404523 0.053609 0.038509
0 0.607107 0.318102 0.026130 0.092722
0 0.566708 0.326009 0.047125 0.055704
0 0.590057 0.387440 0.030490 0.095472
0 0.610625 0.434625 0.047302 0.063954
0 0.645539 0.463579 0.041495 0.087620
0 0.656427 0.494741 0.041250 0.087037
0 0.599474 0.483829 0.053646 0.064880
0 0.599953 0.525694 0.051833 0.065074
0 0.604904 0.560542 0.051943 0.064509
0 0.618169 0.602199 0.046443 0.073917
0 0.560354 0.398449 0.038833 0.089435
0 0.542331 0.411995 0.038505 0.093213
0 0.562549 0.467977 0.053464 0.053583
0 0.563969 0.536565 0.021802 0.083593
0 0.573602 0.624204 0.023891 0.092352
0 0.546393 0.568421 0.022182 0.082583
0 0.550755 0.650153 0.021802 0.079546
0 0.527435 0.591338 0.023318 0.081898
0 0.526091 0.688713 0.023224 0.082074
0 0.506839 0.502181 0.045229 0.082731
0 0.496893 0.435889 0.047401 0.083593
0 0.501138 0.355292 0.042484 0.080565
0 0.523174 0.296403 0.048297 0.057657
0 0.500091 0.268394 0.049995 0.079935
0 0.422042 0.065685 0.051125 0.053889
0 0.403932 0.130500 0.049323 0.087389
0 0.437065 0.191181 0.045391 0.091472
0 0.359297 0.155463 0.045229 0.076907
0 0.393299 0.210380 0.047682 0.074870
0 0.413224 0.254306 0.050802 0.074870
0 0.440607 0.321454 0.042911 0.079815
0 0.475307 0.355944 0.047729 0.077296
0 0.461565 0.382829 0.047245 0.079213
0 0.412484 0.391046 0.030479 0.090889
0 0.438133 0.438241 0.022776 0.092630
0 0.455352 0.506380 0.025891 0.092352
0 0.404062 0.492977 0.024250 0.091176
0 0.428234 0.528810 0.023760 0.088843
0 0.490927 0.586954 0.049646 0.044574
0 0.504820 0.670509 0.019401 0.067222
0 0.484497 0.672903 0.020964 0.072009
0 0.462049 0.658426 0.020818 0.074278
0 0.474089 0.718852 0.047729 0.030963
0 0.418185 0.684426 0.051651 0.049389
0 0.389516 0.561574 0.051729 0.073907
0 0.338102 0.559264 0.044641 0.081435
0 0.341589 0.477884 0.056052 0.050065
0 0.367391 0.437995 0.052948 0.040602
0 0.330206 0.365417 0.054766 0.079815
0 0.349599 0.332449 0.047729 0.058843
0 0.364346 0.297130 0.054807 0.074019
0 0.326701 0.244120 0.037391 0.084370
