0 0.445091 0.123644 0.048516 0.041639
0 0.550432 0.131880 0.046354 0.049370
0 0.501948 0.150394 0.048823 0.042602
0 0.500547 0.112495 0.045333 0.041935
0 0.460562 0.088704 0.047677 0.035389
0 0.443583 0.186833 0.042583 0.058833
0 0.355167 0.168819 0.032531 0.077880
0 0.355779 0.227435 0.049484 0.057315
0 0.314107 0.245199 0.029120 0.087083
0 0.313406 0.329551 0.027990 0.078639
0 0.285654 0.350546 0.021870 0.083537
0 0.297523 0.400204 0.034120 0.040352
0 0.297667 0.434907 0.037302 0.042926
0 0.302396 0.469431 0.054698 0.044306
