0 0.647945 0.162398 0.046120 0.070944
0 0.669370 0.264824 0.039615 0.088426
0 0.398534 0.639926 0.046672 0.055315
0 0.480068 0.677620 0.044521 0.043352
0 0.532232 0.657833 0.047807 0.038889
0 0.574810 0.670565 0.045099 0.062963
0 0.616812 0.621528 0.048198 0.050241
0 0.618651 0.565958 0.030969 0.084306
0 0.591359 0.549616 0.054583 0.054361
0 0.669604 0.518380 0.025094 0.086833
0 0.655302 0.488935 0.026260 0.080296
0 0.626109 0.489981 0.048510 0.070481
0 0.689224 0.426120 0.023615 0.089463
0 0.648768 0.416486 0.053807 0.057806
0 0.664966 0.350255 0.043734 0.077306
0 0.689253 0.317005 0.027036 0.082769
