0 0.389354 0.136213 0.039625 0.075167
0 0.606318 0.253231 0.018187 0.082148
0 0.605531 0.312333 0.040146 0.041074
0 0.631964 0.278139 0.031135 0.090593
0 0.619706 0.348750 0.038016 0.036407
0 0.637159 0.374241 0.036870 0.033204
0 0.662763 0.439579 0.022818 0.088139
0 0.628982 0.486963 0.045630 0.078389
0 0.615708 0.441528 0.037073 0.072537
0 0.588508 0.394926 0.040578 0.057333
0 0.624951 0.571995 0.045432 0.072639
0 0.597542 0.531157 0.038833 0.087537
0 0.625854 0.628111 0.047208 0.074481
0 0.585875 0.643176 0.028542 0.090611
0 0.486964 0.760611 0.044531 0.045241
0 0.288951 0.376657 0.027036 0.079241
0 0.325258 0.220764 0.036255 0.091898
