0 0.529219 0.539481 0.047313 0.078537
0 0.359563 0.080505 0.051792 0.049676
0 0.412490 0.145926 0.034531 0.068241
0 0.365125 0.143903 0.041115 0.093287
0 0.310154 0.167935 0.037484 0.092074
0 0.334773 0.210986 0.041745 0.049472
0 0.279831 0.248394 0.041234 0.074509
0 0.612617 0.361009 0.046568 0.079963
0 0.617388 0.400750 0.044297 0.076333
0 0.527977 0.418968 0.027672 0.088120
0 0.489854 0.569671 0.021594 0.077491
0 0.466589 0.529884 0.025719 0.086565
0 0.408516 0.059505 0.047479 0.061787
0 0.578990 0.550301 0.036521 0.077843
0 0.569859 0.517944 0.046927 0.068056
0 0.564680 0.471153 0.038484 0.081324
0 0.575927 0.633023 0.033583 0.078213
0 0.538208 0.687491 0.043948 0.073000
0 0.491378 0.668792 0.035807 0.093509
0 0.446872 0.677514 0.049557 0.033583
0 0.429354 0.711315 0.051708 0.037000
0 0.377789 0.685875 0.051380 0.052583
0 0.456682 0.616255 0.052062 0.057620
0 0.528435 0.596194 0.055953 0.048870
0 0.474938 0.047954 0.050656 0.040796
0 0.551716 0.139630 0.025672 0.096519
0 0.585904 0.172139 0.043161 0.071074
