0 0.677320 0.544597 0.033755 0.079231
0 0.334044 0.339083 0.033786 0.079556
0 0.357076 0.244509 0.042120 0.074481
0 0.397904 0.166972 0.043099 0.080685
0 0.452224 0.123130 0.048500 0.065259
0 0.498357 0.111060 0.044432 0.047435
0 0.524859 0.143713 0.048958 0.036574
0 0.461159 0.184838 0.027755 0.067472
0 0.493591 0.221597 0.049568 0.066972
0 0.519323 0.249519 0.047865 0.041537
0 0.561385 0.199889 0.025948 0.065722
0 0.587047 0.147000 0.039656 0.062944
0 0.627883 0.195815 0.047682 0.055352
0 0.647521 0.253620 0.049281 0.038778
0 0.663201 0.300583 0.053047 0.043315
0 0.696573 0.393454 0.022562 0.086963
