0 0.569669 0.401009 0.039797 0.076537
0 0.537169 0.427449 0.039089 0.081324
0 0.533315 0.193449 0.047443 0.061176
0 0.642766 0.637199 0.035125 0.081991
0 0.642818 0.712856 0.044115 0.075602
0 0.429464 0.816130 0.049323 0.042241
0 0.670229 0.611042 0.022635 0.087639
0 0.619758 0.628736 0.034380 0.082380
0 0.661573 0.525139 0.024083 0.077778
0 0.395576 0.287546 0.052276 0.050389
0 0.419664 0.365907 0.048016 0.046315
0 0.472935 0.178736 0.044307 0.045917
0 0.594664 0.511491 0.040005 0.063370
0 0.636013 0.565398 0.050432 0.063537
0 0.342977 0.327458 0.051943 0.048065
0 0.553904 0.479134 0.041141 0.064713
0 0.635466 0.463694 0.027682 0.087296
0 0.599063 0.446338 0.041333 0.080898
0 0.660966 0.409264 0.024078 0.089657
