0 0.603424 0.232148 0.025224 0.092037
0 0.622706 0.322972 0.042776 0.058111
0 0.379060 0.168843 0.051380 0.048870
0 0.427310 0.136648 0.042089 0.048537
0 0.467411 0.115583 0.049865 0.072463
0 0.503758 0.170898 0.022182 0.070111
0 0.521711 0.108130 0.051328 0.041333
0 0.533008 0.203486 0.023474 0.095546
0 0.555932 0.166431 0.025885 0.095546
0 0.534214 0.287912 0.048698 0.068639
0 0.575125 0.217329 0.033563 0.063954
0 0.305109 0.359241 0.031813 0.079944
0 0.307633 0.271301 0.032901 0.060065
0 0.489979 0.791037 0.050698 0.038519
0 0.600896 0.718130 0.037688 0.084185
0 0.631031 0.652560 0.040802 0.068454
0 0.607000 0.555560 0.054406 0.055769
0 0.619956 0.438630 0.054328 0.051167
0 0.642977 0.399995 0.037005 0.080398
0 0.657677 0.356926 0.031688 0.071519
0 0.544906 0.402606 0.042844 0.065787
0 0.578240 0.402866 0.027281 0.091361
0 0.510281 0.357875 0.051333 0.037435
0 0.338891 0.251213 0.026542 0.093204
0 0.632909 0.241468 0.039484 0.067472
0 0.608229 0.296065 0.036198 0.051093
