0 0.508089 0.066523 0.051771 0.036657
0 0.549328 0.101421 0.052646 0.063565
0 0.540841 0.161060 0.048505 0.079231
0 0.587656 0.125542 0.049281 0.081324
0 0.640354 0.157523 0.036823 0.081824
0 0.597255 0.178981 0.031635 0.067519
0 0.612911 0.197884 0.033750 0.069213
0 0.652479 0.217931 0.040729 0.037843
0 0.664534 0.256593 0.050286 0.036741
0 0.687081 0.309222 0.030995 0.055481
0 0.692721 0.357931 0.049203 0.070287
0 0.674419 0.381653 0.052755 0.069843
0 0.664273 0.406324 0.032474 0.078241
0 0.667109 0.562718 0.042604 0.062046
0 0.644253 0.627241 0.050630 0.073407
0 0.590573 0.694301 0.051406 0.064454
0 0.483831 0.591671 0.049484 0.082731
0 0.458268 0.633042 0.031464 0.096139
0 0.440260 0.678657 0.029854 0.076093
0 0.401253 0.678602 0.052120 0.049204
0 0.375742 0.576981 0.026547 0.092019
0 0.339135 0.556986 0.031865 0.086861
0 0.365052 0.501468 0.042344 0.075528
0 0.351622 0.472958 0.054839 0.070509
0 0.337854 0.444454 0.043208 0.076593
0 0.360396 0.363926 0.046865 0.092056
0 0.387758 0.367426 0.047193 0.094389
0 0.610026 0.416963 0.055500 0.059667
0 0.530070 0.383032 0.038609 0.094769
0 0.550581 0.374060 0.038391 0.091639
0 0.569008 0.350662 0.038828 0.090861
0 0.609036 0.374815 0.039812 0.060000
0 0.618802 0.353245 0.040385 0.079546
0 0.634815 0.332227 0.036255 0.076546
0 0.633612 0.283343 0.038922 0.075722
0 0.589609 0.289324 0.032437 0.079426
0 0.544013 0.280185 0.028641 0.077685
0 0.496669 0.303787 0.021266 0.096852
0 0.517302 0.265931 0.022958 0.100509
0 0.556062 0.215681 0.049979 0.069324
0 0.361221 0.226778 0.047828 0.054185
0 0.426112 0.242218 0.051797 0.079231
0 0.475760 0.237556 0.051437 0.046611
0 0.390880 0.160653 0.047208 0.047769
0 0.436034 0.181481 0.029661 0.074278
0 0.459951 0.175944 0.030984 0.080111
0 0.505956 0.173472 0.032797 0.085833
0 0.425964 0.115245 0.050104 0.041935
0 0.475659 0.100824 0.050568 0.049648
