0 0.614151 0.383681 0.031104 0.080491
0 0.683484 0.380000 0.019812 0.088000
0 0.593620 0.675194 0.022094 0.073019
0 0.612388 0.622977 0.025953 0.085083
0 0.633932 0.617315 0.019583 0.076815
0 0.401773 0.123343 0.046193 0.077611
0 0.592586 0.161597 0.028182 0.064954
0 0.608398 0.251375 0.029620 0.073546
0 0.640667 0.230435 0.044469 0.072000
0 0.648708 0.292648 0.050135 0.058407
0 0.633005 0.335120 0.025635 0.076796
0 0.656654 0.348343 0.025349 0.076537
0 0.664146 0.567528 0.027531 0.085352
0 0.661922 0.500111 0.048292 0.054630
0 0.630612 0.521468 0.020286 0.081565
0 0.602648 0.470569 0.029578 0.086287
0 0.579896 0.482704 0.031094 0.085611
0 0.650763 0.444819 0.053109 0.057361
