0 0.313940 0.284079 0.042276 0.046028
0 0.325833 0.240093 0.044375 0.041944
0 0.382216 0.312639 0.032464 0.095148
0 0.378219 0.233440 0.045177 0.079417
0 0.376190 0.159231 0.027411 0.066352
0 0.356518 0.176810 0.026651 0.067231
0 0.424161 0.162824 0.043146 0.062722
0 0.454997 0.113870 0.049495 0.049630
0 0.430125 0.260968 0.028677 0.079417
0 0.455380 0.230958 0.030458 0.074454
0 0.467247 0.324144 0.039089 0.075287
0 0.486273 0.087620 0.050307 0.040204
0 0.525003 0.129306 0.032245 0.060444
0 0.529609 0.233435 0.032687 0.093204
0 0.564815 0.186245 0.038609 0.082287
0 0.588286 0.166551 0.036854 0.081120
0 0.557906 0.234991 0.037073 0.093981
0 0.598708 0.238894 0.048479 0.057324
0 0.559401 0.332347 0.033750 0.088306
0 0.544802 0.361838 0.043990 0.079213
0 0.539398 0.413236 0.036974 0.086287
0 0.600393 0.332801 0.050182 0.076806
0 0.608349 0.361306 0.038188 0.069852
0 0.636831 0.295912 0.039589 0.077213
0 0.555055 0.468491 0.044891 0.056648
0 0.587841 0.493787 0.053536 0.037259
0 0.592414 0.433213 0.025630 0.087870
0 0.615430 0.431199 0.022943 0.084343
0 0.632919 0.404259 0.022234 0.084352
0 0.651643 0.388875 0.029599 0.082324
0 0.639206 0.477769 0.051776 0.057389
0 0.635518 0.521907 0.039161 0.054185
0 0.636898 0.581181 0.029880 0.084843
0 0.604112 0.594398 0.035693 0.086111
0 0.411083 0.754843 0.040802 0.060444
