0 0.492461 0.152218 0.025734 0.084565
0 0.534393 0.154231 0.046005 0.072574
0 0.461440 0.154324 0.043307 0.071611
0 0.533508 0.204935 0.046849 0.074019
0 0.612594 0.213162 0.034125 0.084306
0 0.577120 0.221458 0.025365 0.079083
0 0.624286 0.287843 0.044833 0.045204
0 0.536211 0.259884 0.049349 0.072565
0 0.569044 0.316769 0.042797 0.070426
0 0.527552 0.296079 0.043083 0.080972
0 0.591023 0.358259 0.047859 0.083278
0 0.658109 0.345148 0.036865 0.080704
0 0.629063 0.389630 0.027771 0.092370
0 0.663885 0.430440 0.023510 0.092769
0 0.595388 0.415690 0.039870 0.090157
0 0.626451 0.455606 0.049745 0.068824
0 0.615169 0.490056 0.048776 0.069852
0 0.658911 0.537708 0.023615 0.092213
0 0.611872 0.543653 0.042797 0.042157
0 0.615437 0.601861 0.053698 0.075241
0 0.607911 0.634278 0.051021 0.075241
0 0.572026 0.609444 0.022750 0.095759
0 0.548773 0.568995 0.022078 0.096954
0 0.527529 0.579259 0.021745 0.088926
0 0.533216 0.641560 0.053193 0.043417
0 0.576820 0.679796 0.049359 0.073981
0 0.583773 0.714556 0.049724 0.075056
0 0.513974 0.693130 0.049937 0.043796
0 0.517109 0.735329 0.052625 0.046972
0 0.528094 0.784694 0.051708 0.062907
0 0.456159 0.786514 0.052359 0.037991
0 0.418768 0.726389 0.045901 0.076222
0 0.394143 0.746741 0.048703 0.044741
0 0.425076 0.684935 0.045578 0.081019
0 0.447484 0.674241 0.046552 0.083519
0 0.480417 0.647403 0.033615 0.088194
0 0.465482 0.611972 0.039484 0.087963
0 0.426357 0.594264 0.048578 0.074028
0 0.434961 0.562523 0.047859 0.070176
0 0.480974 0.547856 0.044333 0.082380
0 0.501589 0.509667 0.032906 0.096000
0 0.449232 0.501750 0.033099 0.092556
0 0.426685 0.481106 0.032901 0.092565
0 0.409266 0.486606 0.023615 0.093250
0 0.383904 0.462009 0.024380 0.092222
0 0.369682 0.491083 0.021094 0.088426
0 0.348878 0.491431 0.022453 0.092565
0 0.375529 0.611273 0.043547 0.063657
0 0.370883 0.644310 0.054776 0.059528
0 0.346766 0.690157 0.040219 0.091352
0 0.328320 0.574352 0.047422 0.091185
0 0.351836 0.591903 0.042193 0.088435
0 0.318857 0.531972 0.041651 0.087130
0 0.315260 0.490190 0.034792 0.077917
0 0.308552 0.408375 0.026260 0.093676
0 0.336237 0.389042 0.020745 0.091898
0 0.356729 0.397667 0.022917 0.090704
0 0.378310 0.374917 0.021911 0.084463
0 0.414388 0.396481 0.024870 0.085593
0 0.462221 0.405458 0.045984 0.082861
0 0.492164 0.436718 0.052026 0.068991
0 0.529620 0.461815 0.049687 0.055019
0 0.539823 0.499731 0.051021 0.044611
0 0.572948 0.481000 0.028604 0.079704
0 0.543940 0.405579 0.050016 0.055324
0 0.512646 0.366657 0.051469 0.070685
0 0.467370 0.340505 0.050604 0.049769
0 0.437380 0.362495 0.039365 0.083972
0 0.492917 0.300690 0.047344 0.077324
0 0.431130 0.296671 0.051906 0.062750
0 0.397695 0.315296 0.035964 0.082944
0 0.333500 0.303560 0.033115 0.088639
0 0.361680 0.282458 0.026745 0.084639
0 0.383115 0.195630 0.044240 0.089185
0 0.402487 0.225060 0.046266 0.084824
0 0.433552 0.243435 0.050760 0.062019
0 0.484755 0.234750 0.051177 0.052944
