0 0.416312 0.135264 0.047250 0.045917
0 0.471820 0.138306 0.050797 0.037648
0 0.463375 0.170514 0.050063 0.035898
0 0.526656 0.200106 0.037333 0.073120
0 0.506583 0.226981 0.038312 0.068111
0 0.567927 0.246523 0.044187 0.075287
0 0.549857 0.283278 0.042484 0.069741
0 0.605388 0.353806 0.027047 0.087370
0 0.617555 0.460380 0.023651 0.089630
0 0.595529 0.435079 0.024359 0.086361
0 0.577333 0.451315 0.021667 0.084593
0 0.577919 0.529338 0.043578 0.056139
0 0.611763 0.571968 0.020932 0.086991
0 0.572872 0.662778 0.039370 0.079815
0 0.526914 0.596565 0.050276 0.037019
0 0.539943 0.632694 0.048292 0.036259
0 0.543357 0.708028 0.024505 0.097185
0 0.523956 0.726907 0.023651 0.100204
0 0.496206 0.668560 0.052391 0.037861
0 0.498688 0.729097 0.021385 0.082583
0 0.473266 0.726704 0.026625 0.069241
0 0.500378 0.792597 0.035005 0.044398
0 0.422471 0.813444 0.047859 0.039611
0 0.437133 0.767986 0.051411 0.047213
0 0.440682 0.723593 0.046021 0.045481
0 0.434583 0.641977 0.027823 0.093657
0 0.459703 0.605306 0.047000 0.063981
0 0.504234 0.295894 0.036844 0.091176
0 0.477503 0.347426 0.048839 0.055704
0 0.458529 0.381699 0.050307 0.043306
0 0.427440 0.421412 0.052266 0.041343
0 0.304906 0.691481 0.047729 0.066722
0 0.297401 0.722074 0.049427 0.068481
0 0.294156 0.609102 0.052260 0.035759
0 0.260945 0.633148 0.042203 0.083333
0 0.314878 0.500889 0.036682 0.071000
0 0.268281 0.506935 0.025917 0.084093
0 0.243995 0.525060 0.030594 0.087620
0 0.312227 0.424375 0.051411 0.054139
0 0.374258 0.386861 0.045464 0.051611
0 0.247492 0.423366 0.025068 0.096935
0 0.337977 0.445060 0.040391 0.072028
0 0.332135 0.366981 0.042104 0.061500
0 0.283115 0.364440 0.058510 0.070935
0 0.319010 0.319259 0.055094 0.046574
0 0.282417 0.292222 0.047729 0.079815
0 0.324729 0.241782 0.035865 0.061880
0 0.346154 0.250903 0.036391 0.064694
0 0.374440 0.275069 0.036109 0.088565
0 0.398263 0.219759 0.044755 0.068741
0 0.391529 0.182560 0.050474 0.046898
0 0.408771 0.278852 0.043417 0.088981
0 0.426779 0.261852 0.037349 0.061648
0 0.464508 0.274157 0.040005 0.066704
0 0.452081 0.216995 0.049328 0.050917
