0 0.449823 0.126176 0.049448 0.057833
0 0.500141 0.169620 0.033833 0.102037
0 0.526091 0.138389 0.026464 0.068889
0 0.564586 0.152028 0.054193 0.048574
0 0.541070 0.202190 0.051953 0.059713
0 0.611951 0.193236 0.040984 0.039417
0 0.582055 0.233245 0.040755 0.039806
0 0.518789 0.250167 0.048151 0.065685
0 0.585078 0.270069 0.053521 0.034639
0 0.636711 0.262565 0.034255 0.087056
0 0.654807 0.249148 0.034063 0.087056
0 0.627115 0.317727 0.043323 0.073750
0 0.585276 0.352435 0.039813 0.085352
0 0.548307 0.353472 0.039813 0.079111
0 0.590445 0.418273 0.053495 0.058083
0 0.682820 0.378514 0.024089 0.086546
0 0.697818 0.459458 0.024969 0.079139
0 0.666102 0.526630 0.052630 0.041407
0 0.675349 0.606014 0.042240 0.069102
0 0.641922 0.583907 0.039125 0.044222
0 0.596060 0.594500 0.033943 0.087519
0 0.602797 0.653926 0.051562 0.051593
0 0.623008 0.697917 0.042755 0.085222
0 0.575964 0.716218 0.038969 0.052546
0 0.565437 0.740106 0.041208 0.046972
0 0.543042 0.757227 0.039865 0.065287
0 0.523333 0.699495 0.047479 0.062898
0 0.509562 0.763991 0.042771 0.050167
0 0.453898 0.768218 0.042391 0.061935
0 0.416852 0.703769 0.040068 0.055056
0 0.373109 0.662995 0.039292 0.080861
0 0.415227 0.621259 0.039682 0.091185
0 0.445422 0.601125 0.041615 0.087398
0 0.343060 0.586667 0.033943 0.083833
0 0.380242 0.596569 0.043016 0.083380
0 0.396826 0.554884 0.038349 0.089361
0 0.426883 0.533231 0.038870 0.088444
0 0.466398 0.530699 0.053120 0.048361
0 0.337891 0.519597 0.043521 0.055769
0 0.359471 0.486338 0.052630 0.057731
0 0.391497 0.470810 0.051734 0.057731
0 0.403477 0.437565 0.053297 0.059722
0 0.454760 0.476782 0.050615 0.067287
0 0.493281 0.445130 0.036729 0.086389
0 0.516237 0.447319 0.035609 0.085194
0 0.535607 0.420449 0.032245 0.084806
0 0.567966 0.471606 0.034714 0.085194
0 0.321914 0.434824 0.026901 0.092556
0 0.352688 0.405056 0.031938 0.092907
0 0.390143 0.364458 0.046453 0.087398
0 0.447240 0.425019 0.050521 0.060907
0 0.448982 0.389231 0.052453 0.056778
0 0.486435 0.347255 0.021682 0.084991
0 0.507240 0.357231 0.024969 0.082241
0 0.330508 0.332528 0.034453 0.084648
0 0.368445 0.281940 0.044516 0.085343
0 0.403865 0.287102 0.045677 0.088778
0 0.418089 0.325644 0.043938 0.087398
0 0.454383 0.324093 0.043745 0.088426
0 0.467245 0.246023 0.050313 0.080731
0 0.447513 0.216861 0.047568 0.087130
0 0.392161 0.185148 0.050521 0.075833
0 0.420849 0.198662 0.047677 0.088657
0 0.505951 0.281148 0.043661 0.080000
0 0.353714 0.246750 0.038729 0.092593
