0 0.584844 0.202116 0.036417 0.062009
0 0.584513 0.268218 0.038828 0.068639
0 0.618297 0.281287 0.041458 0.065907
0 0.633552 0.352593 0.036594 0.078889
0 0.663411 0.372995 0.032990 0.075157
0 0.660969 0.457250 0.029375 0.073981
0 0.643833 0.478356 0.029135 0.067454
0 0.670901 0.539889 0.022375 0.084593
0 0.402156 0.156463 0.050510 0.044222
0 0.468526 0.163685 0.049750 0.041519
0 0.448857 0.263181 0.053047 0.046472
0 0.555583 0.193241 0.029948 0.092500
0 0.634164 0.505444 0.047245 0.072463
0 0.623563 0.241704 0.035760 0.080333
