0 0.499464 0.411014 0.033479 0.091361
0 0.490190 0.313236 0.042474 0.078528
0 0.329573 0.380995 0.020260 0.087713
0 0.347047 0.434769 0.039354 0.076222
0 0.381701 0.336356 0.049922 0.069435
0 0.428102 0.701079 0.044932 0.071528
0 0.359969 0.314954 0.041698 0.075704
0 0.429539 0.297227 0.038734 0.086380
0 0.414589 0.269139 0.042813 0.065241
0 0.384857 0.190009 0.024807 0.095444
0 0.477448 0.282130 0.043490 0.083963
0 0.448396 0.235917 0.042469 0.086981
0 0.337456 0.297829 0.021745 0.080343
0 0.396240 0.258264 0.031938 0.086991
0 0.365151 0.234704 0.024125 0.071278
0 0.565961 0.069801 0.047911 0.067657
0 0.619477 0.119329 0.044172 0.083361
0 0.405242 0.151648 0.022766 0.064630
0 0.392125 0.372898 0.035531 0.089278
0 0.409453 0.401356 0.047281 0.074139
0 0.460401 0.370292 0.045813 0.041250
