0 0.413583 0.169991 0.047208 0.072130
0 0.475867 0.151954 0.050432 0.048204
0 0.516883 0.158120 0.042932 0.057389
0 0.564237 0.172389 0.038016 0.091759
0 0.660852 0.298968 0.045224 0.079528
0 0.630208 0.304935 0.046865 0.074574
0 0.609940 0.373657 0.053089 0.037574
0 0.654839 0.388514 0.026219 0.084194
0 0.681466 0.396671 0.034245 0.083602
0 0.660344 0.486481 0.047688 0.074574
0 0.675828 0.518819 0.048833 0.064083
0 0.619133 0.501778 0.030807 0.083019
0 0.582919 0.432069 0.025068 0.087102
0 0.600125 0.449546 0.031625 0.088852
0 0.555312 0.500292 0.038312 0.081824
0 0.582669 0.552731 0.048714 0.074426
0 0.588729 0.596199 0.047396 0.073157
0 0.637414 0.569662 0.047714 0.067898
0 0.670969 0.573403 0.049448 0.065935
0 0.670297 0.629764 0.028760 0.058324
0 0.639758 0.641079 0.035495 0.079213
0 0.607747 0.658486 0.031214 0.078769
0 0.633760 0.695894 0.051531 0.067454
0 0.587638 0.721250 0.042109 0.070204
0 0.584034 0.760287 0.051943 0.050981
0 0.544461 0.758097 0.037036 0.090306
0 0.517917 0.762176 0.032771 0.090889
0 0.549326 0.686231 0.026682 0.067241
0 0.568799 0.671102 0.028641 0.073574
0 0.337070 0.579657 0.038828 0.086963
0 0.317000 0.451745 0.025448 0.081509
0 0.512615 0.393403 0.024875 0.093398
0 0.534948 0.401069 0.022844 0.087991
0 0.559026 0.377532 0.025229 0.094380
