0 0.614990 0.640718 0.033563 0.082250
0 0.472047 0.085042 0.047604 0.041731
0 0.338279 0.612505 0.047401 0.074157
0 0.297914 0.521352 0.023922 0.083611
0 0.346909 0.489306 0.040964 0.090019
0 0.303617 0.433380 0.048828 0.061759
0 0.287031 0.373935 0.023698 0.090667
0 0.301253 0.300463 0.027870 0.062352
0 0.348083 0.352963 0.020177 0.078389
0 0.330974 0.296806 0.041240 0.077611
0 0.369911 0.330347 0.025229 0.076824
0 0.416219 0.103958 0.048698 0.066306
0 0.471497 0.152509 0.042557 0.085407
0 0.516250 0.154264 0.044750 0.061620
0 0.529302 0.133009 0.044531 0.066685
0 0.544656 0.106690 0.041021 0.064731
0 0.535771 0.206523 0.044313 0.076435
0 0.587104 0.152120 0.046063 0.051870
0 0.648479 0.276356 0.037563 0.073546
0 0.666620 0.387208 0.027313 0.082491
0 0.645896 0.569264 0.026354 0.089657
