0 0.544227 0.108773 0.054943 0.047417
0 0.535156 0.142435 0.054229 0.045204
0 0.484750 0.096759 0.043740 0.063852
0 0.458435 0.104819 0.044453 0.062898
0 0.601299 0.164407 0.039651 0.073333
0 0.569919 0.204708 0.037339 0.093250
0 0.487505 0.186532 0.048542 0.048046
0 0.527333 0.234894 0.046052 0.042361
0 0.537469 0.269977 0.046052 0.043306
0 0.576852 0.266505 0.042672 0.088194
0 0.608857 0.220194 0.052630 0.062593
0 0.653396 0.298745 0.038937 0.085657
0 0.601211 0.309176 0.050141 0.078704
0 0.549115 0.328773 0.054406 0.038250
0 0.609156 0.340250 0.043000 0.073148
0 0.618310 0.370972 0.044026 0.076074
0 0.562766 0.377185 0.053490 0.051204
0 0.631786 0.399861 0.047937 0.071685
0 0.635474 0.437764 0.052271 0.069546
0 0.583466 0.438713 0.050318 0.076500
0 0.534924 0.426069 0.045693 0.052472
0 0.518836 0.363481 0.036984 0.094833
0 0.497888 0.373722 0.036984 0.091037
0 0.480552 0.403120 0.040365 0.087870
0 0.587633 0.481731 0.044870 0.080593
0 0.654745 0.496384 0.033531 0.091435
0 0.629031 0.509917 0.037646 0.084852
0 0.601667 0.524727 0.032708 0.093269
0 0.601854 0.593412 0.041354 0.088509
0 0.584779 0.652662 0.051641 0.046083
0 0.563107 0.706352 0.047651 0.060056
0 0.558216 0.611306 0.042141 0.073019
0 0.550839 0.571787 0.041958 0.078704
0 0.525857 0.526745 0.051745 0.041731
0 0.513945 0.585699 0.024005 0.081231
0 0.488474 0.547449 0.031385 0.093880
0 0.445888 0.397306 0.037453 0.086185
0 0.438875 0.454190 0.043167 0.092324
0 0.460461 0.552792 0.034849 0.083454
0 0.440635 0.564014 0.035031 0.080602
0 0.423833 0.597676 0.028094 0.092296
0 0.533099 0.665060 0.048344 0.068028
0 0.483315 0.663597 0.046703 0.065102
0 0.506458 0.722185 0.047833 0.041093
0 0.508414 0.761384 0.049609 0.048046
0 0.465349 0.677681 0.044094 0.061954
0 0.445523 0.695222 0.037161 0.087556
0 0.433487 0.756384 0.042172 0.057787
0 0.409159 0.713486 0.044411 0.074583
0 0.404625 0.676333 0.038115 0.062556
0 0.357602 0.688444 0.033193 0.060037
0 0.337932 0.629648 0.053396 0.055019
0 0.382427 0.587972 0.052333 0.051000
0 0.360073 0.553028 0.034000 0.070130
0 0.315672 0.532370 0.032615 0.063259
0 0.365331 0.430019 0.045953 0.055741
0 0.306320 0.438347 0.042870 0.069120
0 0.377393 0.398463 0.055016 0.066389
0 0.411234 0.348292 0.026031 0.098935
0 0.376599 0.302954 0.052687 0.061630
0 0.364773 0.333255 0.048786 0.046731
0 0.314719 0.357356 0.022312 0.092083
0 0.290409 0.375065 0.023109 0.093500
0 0.314966 0.253977 0.038109 0.067954
0 0.349932 0.206792 0.032948 0.067954
0 0.367695 0.165884 0.039182 0.063046
0 0.423052 0.263477 0.050406 0.062287
0 0.411448 0.228097 0.048406 0.061472
0 0.450128 0.307273 0.040568 0.075676
0 0.460073 0.249801 0.035594 0.079806
0 0.483646 0.254171 0.035198 0.083824
0 0.415794 0.149083 0.051224 0.056685
0 0.396560 0.113792 0.048141 0.079731
