0 0.469797 0.087551 0.052115 0.067472
0 0.508461 0.101528 0.027193 0.072759
0 0.523544 0.160440 0.032432 0.097935
0 0.468169 0.139296 0.053391 0.069741
0 0.423083 0.162838 0.032229 0.096731
0 0.483182 0.193852 0.042469 0.073815
0 0.548005 0.181546 0.022750 0.077519
0 0.595216 0.125426 0.042089 0.042130
0 0.645792 0.177662 0.049708 0.071509
0 0.627112 0.214074 0.052755 0.067241
0 0.586313 0.237708 0.035406 0.080824
0 0.620654 0.269560 0.054807 0.065972
0 0.682219 0.240606 0.025208 0.090639
0 0.703333 0.333384 0.021948 0.090380
0 0.676568 0.332375 0.036396 0.081324
0 0.649643 0.362968 0.035120 0.086361
0 0.617281 0.329356 0.028458 0.088120
0 0.574737 0.315741 0.045536 0.072241
0 0.584836 0.349903 0.053734 0.079639
0 0.597505 0.379500 0.043083 0.069204
0 0.543036 0.362634 0.036229 0.093787
0 0.536266 0.253255 0.044854 0.086509
0 0.511505 0.305690 0.022656 0.095417
0 0.467391 0.254454 0.052542 0.046333
0 0.440305 0.306102 0.051651 0.057667
0 0.369505 0.241810 0.053083 0.064713
0 0.368576 0.331944 0.025974 0.099093
0 0.442701 0.363769 0.052755 0.062889
0 0.499497 0.377037 0.053245 0.048963
0 0.478039 0.437884 0.022766 0.089435
0 0.525102 0.436032 0.048839 0.037861
0 0.450500 0.454417 0.023010 0.090741
0 0.428956 0.456269 0.023255 0.091833
0 0.516719 0.487931 0.054344 0.039824
0 0.565174 0.471509 0.024089 0.088556
0 0.589833 0.456361 0.027854 0.086815
0 0.620232 0.424171 0.034245 0.080694
0 0.637685 0.412463 0.042849 0.085944
0 0.674396 0.430537 0.034521 0.078963
0 0.708786 0.423542 0.022083 0.092046
0 0.690766 0.496866 0.041375 0.086176
0 0.659419 0.493708 0.035536 0.078972
0 0.642161 0.518301 0.045688 0.078509
0 0.599013 0.511306 0.047714 0.087093
0 0.672854 0.589917 0.051552 0.064352
0 0.625799 0.594597 0.030714 0.077602
0 0.619656 0.644514 0.055281 0.065120
0 0.558893 0.578023 0.045630 0.074880
0 0.533667 0.586602 0.047385 0.078000
0 0.506026 0.594597 0.047823 0.080731
0 0.609018 0.678250 0.044089 0.065519
0 0.506232 0.529454 0.051734 0.043481
0 0.545773 0.691662 0.054182 0.068639
0 0.553891 0.750356 0.045406 0.043287
0 0.469125 0.675894 0.050979 0.058843
0 0.486576 0.705023 0.049797 0.056509
0 0.445284 0.629574 0.035703 0.094963
0 0.462990 0.546231 0.038344 0.092926
0 0.431773 0.582204 0.047682 0.084481
0 0.383974 0.642301 0.042115 0.085065
0 0.353956 0.558144 0.043911 0.089139
0 0.383122 0.536005 0.034734 0.092639
0 0.360440 0.437745 0.036401 0.094380
0 0.340534 0.465551 0.028818 0.091343
