0 0.680148 0.365403 0.035870 0.067602
0 0.517497 0.208069 0.042589 0.084046
0 0.551089 0.212125 0.040562 0.080898
0 0.569193 0.287023 0.021906 0.066417
0 0.606010 0.226931 0.040687 0.073009
0 0.605245 0.278986 0.042823 0.041972
0 0.647042 0.283421 0.034906 0.084213
0 0.606930 0.333088 0.041505 0.046417
0 0.598203 0.372718 0.042240 0.052657
0 0.641393 0.329046 0.043557 0.062315
0 0.664865 0.407912 0.033427 0.075120
0 0.697187 0.467944 0.032240 0.078741
0 0.684516 0.486120 0.029990 0.081981
0 0.631701 0.512171 0.052016 0.037954
0 0.684909 0.560560 0.053797 0.046769
0 0.670591 0.691153 0.040891 0.071880
0 0.546539 0.855477 0.052474 0.039583
0 0.481344 0.838718 0.047479 0.059361
0 0.453969 0.823773 0.035437 0.051287
0 0.414672 0.779153 0.048156 0.047657
0 0.401268 0.807014 0.041797 0.063806
