0 0.520474 0.790972 0.052365 0.040704
0 0.469320 0.768056 0.047151 0.049130
0 0.336422 0.524685 0.032198 0.084815
0 0.451878 0.347889 0.047703 0.038370
0 0.388276 0.335574 0.033167 0.063000
0 0.571591 0.780588 0.050609 0.040120
0 0.537516 0.719713 0.052063 0.055537
0 0.594391 0.719690 0.053677 0.047713
0 0.583685 0.601764 0.041068 0.051880
0 0.649974 0.599023 0.050740 0.057361
0 0.676151 0.651296 0.044146 0.075352
0 0.632440 0.539403 0.047911 0.074583
0 0.691094 0.534079 0.039156 0.071694
0 0.671047 0.469968 0.054406 0.055009
0 0.709471 0.494736 0.024786 0.083694
0 0.618354 0.459968 0.030625 0.081676
0 0.666849 0.265065 0.037302 0.045722
0 0.638576 0.394875 0.038089 0.033157
0 0.679708 0.397843 0.046531 0.074685
0 0.688443 0.358926 0.028271 0.072944
0 0.631318 0.288005 0.021719 0.091102
0 0.653021 0.332801 0.020531 0.087787
0 0.505570 0.749347 0.051464 0.050009
