0 0.535927 0.107375 0.044500 0.063046
0 0.590880 0.167898 0.036635 0.043130
0 0.592857 0.236579 0.030651 0.067602
0 0.649362 0.289620 0.042984 0.061333
0 0.681599 0.275060 0.027990 0.087750
0 0.640341 0.351088 0.040339 0.078139
0 0.624826 0.394523 0.034557 0.086361
0 0.686055 0.351162 0.036870 0.041898
0 0.690299 0.392167 0.035630 0.038667
0 0.692628 0.440810 0.032516 0.035435
0 0.681047 0.470380 0.029948 0.033611
0 0.683224 0.515884 0.033958 0.038954
0 0.650284 0.526708 0.046505 0.077028
0 0.619250 0.555407 0.039646 0.039852
0 0.681414 0.584194 0.037807 0.073463
0 0.650049 0.598912 0.024255 0.087435
0 0.587508 0.739315 0.042651 0.060407
0 0.505492 0.765403 0.044391 0.042824
0 0.411307 0.692662 0.041635 0.076083
0 0.375206 0.622644 0.045255 0.079676
0 0.392987 0.605806 0.030797 0.081481
0 0.420503 0.561134 0.036432 0.081731
0 0.387247 0.517565 0.023422 0.089704
0 0.406263 0.496491 0.023276 0.086111
0 0.339109 0.562278 0.033865 0.077537
0 0.421516 0.445931 0.046698 0.083787
0 0.365563 0.430634 0.052771 0.043954
0 0.319880 0.441944 0.027875 0.087056
0 0.440138 0.409921 0.038141 0.072861
0 0.405094 0.384787 0.036969 0.080296
0 0.410331 0.325403 0.041422 0.083620
0 0.381971 0.287204 0.038130 0.091185
0 0.462120 0.267769 0.044333 0.085352
0 0.424482 0.257505 0.049016 0.055324
0 0.473562 0.208481 0.046844 0.055000
0 0.507758 0.188435 0.035130 0.057056
0 0.433299 0.208866 0.048432 0.043435
0 0.401013 0.181236 0.048286 0.064769
0 0.436742 0.140745 0.030109 0.061861
0 0.462010 0.147435 0.032771 0.055611
0 0.489010 0.092481 0.046646 0.049204
0 0.505461 0.138935 0.047807 0.053333
