0 0.515609 0.124639 0.043521 0.067593
0 0.551393 0.135181 0.043661 0.084565
0 0.483078 0.137620 0.036292 0.056037
0 0.462260 0.146102 0.042073 0.091500
0 0.426328 0.151630 0.039615 0.055259
0 0.419898 0.180745 0.045672 0.080898
0 0.486042 0.233079 0.036292 0.093306
0 0.388966 0.221769 0.053766 0.040870
0 0.449753 0.241046 0.051036 0.042407
0 0.461536 0.280120 0.049448 0.038815
0 0.525891 0.207481 0.036302 0.065130
0 0.580909 0.159218 0.038307 0.092491
0 0.589690 0.203079 0.032453 0.067213
0 0.608260 0.216912 0.044167 0.092491
0 0.630424 0.181519 0.034964 0.081185
0 0.646268 0.268505 0.022078 0.077028
0 0.581279 0.286204 0.050016 0.045204
0 0.517961 0.291852 0.045839 0.085648
0 0.674456 0.297657 0.031953 0.090111
0 0.525253 0.328542 0.042797 0.065806
0 0.471615 0.319287 0.046844 0.042667
0 0.476096 0.365426 0.050026 0.059370
0 0.414159 0.304583 0.021245 0.080889
0 0.366216 0.270620 0.048349 0.055019
0 0.353669 0.317458 0.046005 0.058880
0 0.384031 0.379671 0.041990 0.092787
0 0.350909 0.390236 0.033286 0.082972
0 0.415901 0.403764 0.036802 0.083861
0 0.442664 0.411644 0.037807 0.081194
0 0.475102 0.434065 0.040984 0.080296
0 0.398818 0.455032 0.048010 0.053231
0 0.517503 0.414903 0.050172 0.071713
0 0.346878 0.440819 0.043161 0.089213
0 0.444326 0.485144 0.051734 0.063306
0 0.389234 0.502463 0.041427 0.076444
0 0.368182 0.524759 0.045906 0.084407
0 0.447685 0.524560 0.051286 0.065694
0 0.497625 0.529375 0.050385 0.050157
0 0.488331 0.569981 0.047474 0.053352
0 0.486763 0.609995 0.052401 0.040213
0 0.437659 0.576731 0.046255 0.059870
0 0.358786 0.576556 0.036000 0.089815
0 0.390336 0.615782 0.038714 0.080176
0 0.405279 0.646204 0.041807 0.077426
0 0.466971 0.669606 0.022755 0.077324
0 0.450344 0.722546 0.040146 0.074648
0 0.424247 0.736375 0.046172 0.048176
0 0.500961 0.761727 0.050391 0.052157
0 0.498945 0.677120 0.029339 0.093167
0 0.525932 0.703597 0.032698 0.094361
0 0.556839 0.766306 0.048823 0.058130
0 0.565406 0.670968 0.045344 0.060806
0 0.559448 0.599796 0.048458 0.085222
0 0.600000 0.706667 0.049750 0.052981
0 0.617490 0.729699 0.046896 0.049287
0 0.594945 0.525819 0.044828 0.057120
0 0.623448 0.555528 0.041198 0.052981
0 0.625651 0.605736 0.047156 0.045602
0 0.626169 0.644204 0.044568 0.043296
0 0.666852 0.651574 0.035755 0.084759
0 0.685815 0.560454 0.036578 0.085000
0 0.656104 0.526731 0.038708 0.064352
0 0.591690 0.442907 0.045870 0.066759
0 0.622758 0.461491 0.044130 0.066074
0 0.647549 0.383931 0.030776 0.082583
0 0.668068 0.390644 0.032708 0.085676
0 0.684518 0.459634 0.033870 0.081213
0 0.705521 0.453269 0.021677 0.090500
0 0.699661 0.350213 0.034844 0.086111
