0 0.531474 0.095963 0.028740 0.103963
0 0.610555 0.099319 0.042943 0.061694
0 0.637440 0.154787 0.046984 0.056870
0 0.596391 0.165329 0.037865 0.089065
0 0.578146 0.183880 0.040115 0.084389
0 0.563102 0.242264 0.024578 0.094972
0 0.513167 0.209750 0.053615 0.040259
0 0.590503 0.275208 0.025161 0.094324
0 0.629034 0.231769 0.028484 0.081481
0 0.646891 0.248736 0.027469 0.084046
0 0.682737 0.267417 0.053359 0.053093
0 0.722750 0.305319 0.036365 0.082861
0 0.685849 0.324690 0.053531 0.063046
0 0.645784 0.337176 0.049349 0.076722
0 0.631146 0.359032 0.049854 0.082972
0 0.586122 0.387069 0.046557 0.092787
0 0.561706 0.315287 0.050016 0.069000
0 0.508510 0.322222 0.030219 0.085593
0 0.534237 0.352745 0.028755 0.082898
0 0.480078 0.322403 0.031115 0.086639
0 0.435000 0.247792 0.044281 0.076028
0 0.446039 0.280755 0.045359 0.091009
0 0.352831 0.296968 0.041234 0.090194
0 0.411716 0.349250 0.051359 0.080889
0 0.384115 0.363972 0.042990 0.069889
0 0.367370 0.406917 0.035594 0.077852
0 0.460076 0.396782 0.051193 0.038398
0 0.512357 0.429565 0.049359 0.081093
0 0.553560 0.469606 0.034964 0.086250
0 0.478818 0.479505 0.033240 0.089306
0 0.437914 0.463449 0.029443 0.087139
0 0.412237 0.459347 0.029109 0.091306
0 0.374763 0.511241 0.034797 0.090407
0 0.391320 0.544523 0.027484 0.092213
0 0.404193 0.618500 0.025740 0.088778
0 0.442807 0.537468 0.041031 0.084991
0 0.457807 0.565167 0.043938 0.088093
0 0.468453 0.599060 0.043938 0.088435
0 0.558091 0.547079 0.050016 0.061861
0 0.588289 0.521949 0.040818 0.080602
0 0.544708 0.631005 0.047844 0.046398
0 0.537732 0.670620 0.047359 0.034648
0 0.534299 0.706162 0.045234 0.037324
0 0.512284 0.762676 0.029349 0.062722
0 0.543846 0.744838 0.050984 0.041102
0 0.553841 0.787606 0.050484 0.035102
0 0.604516 0.652718 0.033958 0.077620
0 0.599539 0.724333 0.043609 0.065315
0 0.600164 0.762213 0.049859 0.040648
0 0.630880 0.691593 0.036865 0.065093
0 0.650435 0.692477 0.046484 0.081972
0 0.630677 0.545481 0.041458 0.088907
0 0.636117 0.604681 0.032130 0.083843
0 0.661771 0.594546 0.029542 0.095815
0 0.675505 0.642912 0.045083 0.069102
0 0.704299 0.541736 0.048005 0.076731
0 0.631812 0.458120 0.041615 0.062278
0 0.665880 0.505778 0.030385 0.077074
0 0.702362 0.485477 0.046453 0.036472
0 0.668654 0.411838 0.034359 0.080639
0 0.717826 0.409060 0.037484 0.043102
0 0.711953 0.447718 0.055229 0.034213
