0 0.557451 0.033676 0.049880 0.041130
0 0.583474 0.083153 0.043229 0.057324
0 0.587969 0.122398 0.042323 0.054426
0 0.632635 0.080463 0.051021 0.046685
0 0.622180 0.145597 0.037141 0.087731
0 0.567896 0.190352 0.025594 0.076130
0 0.588388 0.190949 0.024422 0.071380
0 0.640620 0.187690 0.037552 0.048176
0 0.661234 0.139519 0.042385 0.056426
0 0.597359 0.237759 0.034260 0.065037
0 0.634039 0.265630 0.025547 0.069852
0 0.672945 0.239306 0.039870 0.045426
0 0.698492 0.201625 0.037547 0.067787
0 0.678654 0.270449 0.042005 0.051269
0 0.722966 0.298088 0.022266 0.092787
0 0.698781 0.345088 0.025594 0.089509
0 0.654841 0.340444 0.054797 0.058093
0 0.622961 0.376810 0.043089 0.084565
0 0.667029 0.421519 0.037141 0.087130
0 0.702409 0.424194 0.037974 0.081778
0 0.690531 0.488194 0.041823 0.049074
0 0.630911 0.614144 0.028271 0.077324
0 0.397789 0.417296 0.037734 0.090222
0 0.493018 0.243264 0.046453 0.083269
0 0.456531 0.234491 0.029615 0.092556
0 0.397883 0.214532 0.028068 0.093935
0 0.390490 0.158444 0.035812 0.093593
0 0.446622 0.098056 0.049745 0.051278
0 0.473135 0.135907 0.048969 0.061593
0 0.473021 0.071528 0.046844 0.036130
0 0.509378 0.039153 0.046005 0.037472
0 0.659260 0.212694 0.051406 0.065667
