0 0.328737 0.183125 0.035536 0.096324
0 0.372279 0.092847 0.041464 0.096713
0 0.397286 0.094796 0.039708 0.085796
0 0.316529 0.259495 0.044245 0.090306
0 0.309073 0.310329 0.030969 0.071954
0 0.433607 0.256435 0.043422 0.087685
0 0.369109 0.530394 0.041115 0.036102
0 0.427615 0.589278 0.025635 0.073556
0 0.444872 0.555662 0.024109 0.095657
0 0.467068 0.639486 0.048479 0.043676
0 0.454234 0.673218 0.049135 0.058880
0 0.501836 0.605944 0.035974 0.072537
0 0.509076 0.678875 0.046505 0.042898
0 0.555945 0.657440 0.049568 0.037009
0 0.524154 0.602306 0.035266 0.068741
0 0.573964 0.605829 0.042115 0.060454
0 0.610060 0.597833 0.044068 0.054593
0 0.632055 0.539384 0.040932 0.053880
0 0.594383 0.488653 0.038099 0.059676
0 0.584398 0.555500 0.043057 0.071000
0 0.554305 0.538755 0.043193 0.076787
0 0.510591 0.491611 0.050797 0.059426
0 0.659687 0.193514 0.027021 0.089269
0 0.613099 0.102125 0.050458 0.062009
