0 0.604630 0.119931 0.051187 0.037472
0 0.548172 0.112940 0.048010 0.040750
0 0.615385 0.190750 0.036438 0.066315
0 0.651891 0.203602 0.043521 0.064259
0 0.653656 0.260014 0.048146 0.046009
0 0.725005 0.302296 0.038750 0.079167
0 0.667505 0.324481 0.054365 0.064000
0 0.634544 0.286958 0.037880 0.069657
0 0.605193 0.305718 0.052625 0.051657
0 0.598878 0.347056 0.051734 0.048426
0 0.640094 0.393264 0.028437 0.078213
0 0.609299 0.438412 0.040151 0.088917
0 0.572242 0.409565 0.029609 0.094870
0 0.544497 0.469759 0.049880 0.066315
0 0.533292 0.500861 0.049740 0.065796
0 0.689289 0.645769 0.047161 0.069556
0 0.645320 0.723421 0.044786 0.074454
0 0.573992 0.692171 0.051734 0.046972
0 0.567273 0.770005 0.048599 0.037824
0 0.424276 0.454361 0.051906 0.034704
0 0.368018 0.504199 0.026891 0.086361
0 0.387427 0.430843 0.041687 0.059519
0 0.375276 0.396093 0.043740 0.058370
0 0.380534 0.353616 0.039859 0.053435
0 0.404589 0.305292 0.041354 0.053269
0 0.392060 0.248139 0.038339 0.063167
0 0.498560 0.300245 0.049464 0.061639
0 0.560951 0.278954 0.043630 0.054148
0 0.558521 0.243565 0.040792 0.050778
0 0.515242 0.224389 0.044609 0.072870
0 0.527549 0.197731 0.042734 0.066204
0 0.418859 0.216190 0.024240 0.074194
0 0.539422 0.162500 0.037490 0.060426
0 0.562474 0.172940 0.033115 0.089750
0 0.583781 0.165940 0.033990 0.052657
