0 0.543706 0.191514 0.052359 0.037176
0 0.620414 0.257685 0.039682 0.073981
0 0.594089 0.263014 0.051292 0.064694
0 0.562057 0.272981 0.043740 0.072926
0 0.635898 0.324264 0.054391 0.060565
0 0.577539 0.332523 0.053807 0.046806
0 0.658042 0.366144 0.029229 0.076731
0 0.629393 0.400380 0.029224 0.090833
0 0.603263 0.400375 0.025745 0.082583
0 0.553763 0.355273 0.044099 0.056806
0 0.556945 0.393319 0.044672 0.054750
0 0.548341 0.426833 0.046109 0.053315
0 0.565487 0.471616 0.053359 0.037546
0 0.616523 0.490880 0.020901 0.089463
0 0.643138 0.471606 0.028068 0.089472
0 0.654310 0.525801 0.026797 0.089120
0 0.670302 0.449782 0.031365 0.087306
0 0.700107 0.468329 0.022495 0.082194
0 0.691464 0.528579 0.045833 0.065009
0 0.669615 0.566375 0.037167 0.082583
0 0.637003 0.599921 0.026130 0.081546
0 0.596451 0.533250 0.029609 0.093093
0 0.569516 0.538009 0.036302 0.088926
0 0.542583 0.534884 0.028271 0.092194
0 0.517326 0.521056 0.031953 0.090704
0 0.513427 0.248218 0.042365 0.090472
0 0.485370 0.300005 0.051677 0.079491
0 0.490789 0.341472 0.050516 0.077074
0 0.471339 0.238685 0.024437 0.096907
0 0.419419 0.261718 0.031661 0.077880
0 0.497940 0.394208 0.040089 0.095954
0 0.456508 0.377486 0.049943 0.074454
0 0.447661 0.420884 0.049271 0.068880
0 0.488422 0.486181 0.031802 0.087991
0 0.353359 0.358023 0.035708 0.093046
0 0.373385 0.394782 0.051760 0.074028
0 0.397672 0.416505 0.049448 0.071713
0 0.422805 0.464282 0.045234 0.080028
0 0.450685 0.517231 0.044120 0.084000
0 0.349013 0.466074 0.047703 0.062111
0 0.326617 0.522606 0.021724 0.088380
0 0.359315 0.559833 0.032026 0.091963
0 0.409479 0.568593 0.032469 0.092759
0 0.461323 0.582523 0.049719 0.076843
0 0.376221 0.593634 0.031578 0.091176
0 0.510112 0.612972 0.053380 0.062648
0 0.351969 0.675847 0.034938 0.097546
0 0.386570 0.693565 0.029786 0.089981
0 0.409747 0.699537 0.027766 0.095556
0 0.464378 0.807394 0.024422 0.078509
0 0.491740 0.826130 0.023604 0.079111
0 0.513161 0.834454 0.022583 0.096944
0 0.535065 0.811259 0.021932 0.096352
0 0.557573 0.801889 0.022750 0.096648
0 0.579060 0.787616 0.022599 0.092787
0 0.610367 0.763472 0.038516 0.094278
0 0.618786 0.815431 0.035615 0.052306
0 0.570688 0.693968 0.024969 0.082583
0 0.585711 0.636060 0.027932 0.090417
0 0.613396 0.643940 0.023083 0.088324
0 0.662997 0.739111 0.055745 0.050926
0 0.655641 0.695412 0.043740 0.039917
0 0.671414 0.656181 0.052453 0.044046
