0 0.593289 0.145116 0.046839 0.072565
0 0.569234 0.185685 0.036802 0.093685
0 0.566992 0.251176 0.038026 0.066056
0 0.650260 0.241648 0.041615 0.066759
0 0.652292 0.300315 0.043354 0.038889
0 0.691318 0.356273 0.030448 0.073157
0 0.666896 0.366528 0.033125 0.070481
0 0.638875 0.399838 0.033958 0.057991
0 0.696307 0.466648 0.024865 0.080704
0 0.664716 0.483356 0.024141 0.082769
0 0.645922 0.470505 0.024146 0.085843
0 0.623151 0.452764 0.030073 0.090991
0 0.588693 0.388065 0.050438 0.058759
0 0.587943 0.429500 0.044240 0.075537
0 0.584026 0.503301 0.041208 0.069139
0 0.629206 0.528995 0.051182 0.055750
0 0.636839 0.603440 0.035115 0.085972
0 0.639242 0.690755 0.040984 0.083565
0 0.601854 0.669042 0.042823 0.045509
0 0.608378 0.604806 0.045839 0.083574
0 0.586682 0.551454 0.044833 0.063944
0 0.570372 0.587139 0.043328 0.068111
0 0.533451 0.738009 0.051859 0.050852
0 0.546956 0.394398 0.032964 0.078907
0 0.466669 0.373491 0.047984 0.059537
0 0.494534 0.333731 0.050484 0.040426
0 0.545206 0.331417 0.050984 0.064648
0 0.597690 0.311204 0.021495 0.085093
0 0.519654 0.296097 0.049609 0.033991
0 0.518930 0.238023 0.037974 0.066324
0 0.480622 0.247241 0.051359 0.059778
0 0.518326 0.174296 0.047984 0.062870
0 0.530638 0.129083 0.046359 0.051537
0 0.477466 0.151630 0.025995 0.060648
0 0.440565 0.158829 0.044484 0.037102
0 0.417823 0.191931 0.036990 0.044213
0 0.405638 0.214458 0.049484 0.075750
