0 0.487255 0.127338 0.026167 0.058861
0 0.526635 0.177269 0.050521 0.041981
0 0.469344 0.186898 0.025740 0.097722
0 0.442536 0.209611 0.026323 0.095667
0 0.421732 0.226815 0.028453 0.097722
0 0.549961 0.238000 0.053422 0.051278
0 0.598328 0.229361 0.048583 0.066407
0 0.571328 0.266009 0.054198 0.050241
0 0.623393 0.285792 0.038714 0.034065
0 0.564432 0.306014 0.046000 0.037472
0 0.501560 0.266264 0.049109 0.037991
0 0.479190 0.297477 0.052609 0.039991
0 0.510180 0.337528 0.047734 0.037315
0 0.561276 0.341157 0.051729 0.051204
0 0.622250 0.339931 0.045396 0.084417
0 0.610672 0.370694 0.044677 0.083796
0 0.592526 0.390616 0.040198 0.092787
0 0.569240 0.402181 0.041083 0.093306
0 0.652313 0.448157 0.045979 0.071685
0 0.600768 0.475926 0.043516 0.092278
0 0.562307 0.500991 0.044677 0.085333
0 0.544018 0.480556 0.046266 0.085074
0 0.533336 0.446778 0.045109 0.085074
0 0.525823 0.405782 0.042229 0.082250
0 0.499995 0.475319 0.042156 0.096954
0 0.487029 0.506097 0.040651 0.091306
0 0.531622 0.559750 0.045464 0.084407
0 0.575513 0.565523 0.022172 0.093565
0 0.596901 0.582644 0.021500 0.088787
0 0.617393 0.559352 0.025755 0.091574
0 0.636990 0.538255 0.025979 0.092361
0 0.663305 0.528898 0.023964 0.093556
0 0.640737 0.649454 0.044516 0.085648
0 0.587604 0.655319 0.053615 0.047139
0 0.594091 0.705731 0.049161 0.053685
0 0.544250 0.668222 0.030771 0.089463
0 0.560951 0.764398 0.044099 0.092537
0 0.529719 0.758870 0.038312 0.087130
0 0.474333 0.820032 0.048010 0.042824
0 0.423057 0.808282 0.053198 0.047880
0 0.433266 0.758792 0.028844 0.076046
0 0.457943 0.747949 0.030198 0.083269
0 0.478073 0.741245 0.025552 0.080176
0 0.499461 0.733847 0.026901 0.095657
0 0.512622 0.671560 0.028839 0.083269
0 0.460750 0.679306 0.048969 0.041630
0 0.385167 0.750361 0.054198 0.050241
0 0.382070 0.701157 0.054974 0.054370
0 0.403555 0.675690 0.053807 0.053676
0 0.349242 0.674245 0.026516 0.086361
0 0.334727 0.636741 0.025745 0.085685
0 0.421831 0.620986 0.050005 0.075083
0 0.439711 0.601870 0.046901 0.080148
0 0.475596 0.612231 0.040943 0.095352
0 0.489849 0.586435 0.041979 0.088907
0 0.519388 0.597722 0.040422 0.089370
0 0.457716 0.545898 0.046641 0.084296
0 0.388016 0.571463 0.029542 0.092130
0 0.366771 0.552352 0.026948 0.091667
0 0.311966 0.591273 0.024620 0.086602
0 0.343992 0.493569 0.043786 0.087991
0 0.399182 0.481134 0.039125 0.086139
0 0.413953 0.457407 0.040167 0.087519
0 0.446086 0.500481 0.042755 0.080611
0 0.449841 0.435759 0.034724 0.043296
0 0.312419 0.416505 0.023286 0.094361
0 0.335003 0.323546 0.038609 0.088907
0 0.353398 0.350954 0.042234 0.084759
0 0.364799 0.389185 0.044828 0.088444
0 0.385919 0.406000 0.044568 0.084296
0 0.443313 0.369838 0.043271 0.080157
0 0.480495 0.409685 0.050271 0.048370
0 0.489044 0.377671 0.052859 0.046065
0 0.433188 0.330801 0.043354 0.077417
0 0.403961 0.312051 0.044901 0.079824
0 0.386568 0.271463 0.047479 0.088389
0 0.381857 0.227074 0.050141 0.070463
0 0.646286 0.390083 0.045333 0.090704
