0 0.468641 0.049199 0.049573 0.048954
0 0.504560 0.097523 0.045880 0.049231
0 0.501365 0.153310 0.042438 0.089731
0 0.585474 0.164699 0.030969 0.096713
0 0.604729 0.185093 0.029823 0.096130
0 0.640187 0.224856 0.027490 0.086287
0 0.608776 0.254917 0.037198 0.065833
0 0.618117 0.286380 0.040151 0.060593
0 0.583052 0.285944 0.033594 0.080111
0 0.640297 0.311171 0.047250 0.078546
0 0.643201 0.370903 0.043766 0.075028
0 0.614240 0.363597 0.023510 0.083083
0 0.652023 0.422866 0.042484 0.075287
0 0.618672 0.452699 0.027333 0.083083
0 0.644120 0.501648 0.042062 0.077296
0 0.616820 0.585894 0.036974 0.090306
0 0.582667 0.549384 0.042427 0.069565
0 0.602828 0.566375 0.034656 0.082083
0 0.552378 0.484199 0.054245 0.055898
0 0.579250 0.393028 0.023271 0.085648
0 0.570130 0.619931 0.048771 0.074102
0 0.551417 0.652144 0.048094 0.067620
0 0.503755 0.591912 0.025781 0.094046
0 0.511622 0.683255 0.047589 0.048194
0 0.476328 0.710148 0.050063 0.035907
0 0.404948 0.685718 0.051979 0.036250
0 0.382219 0.645935 0.051271 0.036259
0 0.416544 0.606130 0.044068 0.068111
0 0.374727 0.575694 0.042484 0.072259
0 0.337195 0.594824 0.052401 0.036000
0 0.288831 0.466093 0.027870 0.085611
0 0.341729 0.410306 0.046448 0.079204
0 0.347703 0.451259 0.044365 0.079537
0 0.433208 0.459176 0.051948 0.053593
0 0.281823 0.368329 0.024740 0.095546
0 0.308904 0.361579 0.032370 0.084065
0 0.421776 0.401421 0.041292 0.078361
0 0.428578 0.358889 0.045719 0.081852
0 0.444966 0.336454 0.045391 0.080111
0 0.467003 0.420500 0.040641 0.093222
0 0.484292 0.395009 0.038833 0.092352
0 0.513706 0.416273 0.033755 0.089435
0 0.516292 0.351343 0.038438 0.086167
0 0.479266 0.322727 0.045656 0.088565
0 0.545914 0.325921 0.040307 0.078046
0 0.547638 0.235597 0.037328 0.069417
0 0.492703 0.259796 0.036177 0.095722
0 0.440901 0.225000 0.052021 0.056796
0 0.431573 0.260171 0.052260 0.060176
0 0.371753 0.325782 0.041495 0.096676
0 0.327654 0.285769 0.045880 0.061759
0 0.289313 0.273972 0.025562 0.091759
0 0.352836 0.222106 0.042839 0.065491
0 0.317401 0.197731 0.034396 0.095093
0 0.382286 0.103097 0.031948 0.066583
0 0.410437 0.100162 0.041740 0.068546
0 0.419924 0.077639 0.029620 0.044389
