0 0.452544 0.130162 0.048391 0.043009
0 0.499674 0.136009 0.021099 0.070537
0 0.538966 0.140653 0.045870 0.070880
0 0.541190 0.185389 0.044516 0.075704
0 0.456609 0.189519 0.037938 0.066759
0 0.390219 0.190546 0.051490 0.038537
0 0.396799 0.228917 0.051870 0.056093
0 0.587919 0.213403 0.037307 0.083565
0 0.609096 0.280616 0.055036 0.052343
0 0.568448 0.317486 0.040312 0.067213
0 0.614367 0.339199 0.051859 0.032713
0 0.626078 0.372509 0.051187 0.033907
0 0.644445 0.434648 0.027901 0.087648
0 0.653018 0.519806 0.020818 0.079426
0 0.605466 0.410991 0.040984 0.040741
0 0.618516 0.471361 0.022250 0.088333
0 0.622148 0.558213 0.037974 0.090870
0 0.631526 0.625148 0.042229 0.085444
0 0.596104 0.619292 0.029271 0.093306
0 0.580310 0.560657 0.045859 0.067537
0 0.572576 0.647755 0.023422 0.084824
0 0.587104 0.708287 0.050458 0.070167
0 0.542039 0.731829 0.044099 0.053972
0 0.543003 0.683819 0.051693 0.077028
0 0.546187 0.606731 0.024146 0.087130
0 0.527609 0.588481 0.022552 0.085593
0 0.584096 0.472148 0.041786 0.070685
0 0.579036 0.521370 0.044677 0.069407
0 0.543224 0.513866 0.027615 0.090731
0 0.521971 0.496514 0.028193 0.093046
0 0.499706 0.492792 0.034557 0.095361
0 0.473464 0.507310 0.034698 0.095620
0 0.566242 0.405343 0.031807 0.088167
0 0.533914 0.398662 0.022724 0.087657
0 0.510432 0.374884 0.025156 0.095102
0 0.483872 0.334532 0.023276 0.086361
0 0.465961 0.259681 0.022120 0.075824
0 0.448018 0.321472 0.042828 0.081185
0 0.432628 0.399347 0.051099 0.063657
0 0.427401 0.450792 0.051490 0.075009
0 0.370495 0.459565 0.042583 0.089815
0 0.397023 0.274361 0.052193 0.042926
0 0.340073 0.242435 0.048438 0.087648
0 0.306964 0.248093 0.046698 0.080444
0 0.336096 0.304639 0.047422 0.069148
0 0.296440 0.345148 0.046005 0.039852
0 0.272461 0.431347 0.028453 0.094972
0 0.309102 0.558491 0.046839 0.093944
0 0.349167 0.545759 0.047615 0.079481
0 0.423753 0.538773 0.045120 0.086713
0 0.440977 0.576796 0.042755 0.091185
0 0.391708 0.614653 0.043354 0.093250
0 0.349596 0.690542 0.054870 0.060120
0 0.404128 0.667250 0.051057 0.086000
0 0.406365 0.726370 0.042552 0.092759
0 0.451536 0.644991 0.030010 0.086000
0 0.481792 0.613542 0.023740 0.085991
0 0.505745 0.602194 0.022823 0.087185
0 0.484112 0.684537 0.052255 0.066759
0 0.454786 0.727546 0.048969 0.059185
0 0.442305 0.769185 0.051484 0.075704
0 0.502984 0.765917 0.052844 0.053333
