0 0.499831 0.098398 0.050130 0.041296
0 0.531708 0.139282 0.038323 0.078454
0 0.576128 0.143926 0.048578 0.081556
0 0.562193 0.182120 0.050521 0.065037
0 0.465995 0.139968 0.022646 0.082583
0 0.492995 0.201042 0.040646 0.098065
0 0.526190 0.240611 0.051682 0.040259
0 0.427380 0.127926 0.047615 0.063315
0 0.421768 0.179537 0.053422 0.066074
0 0.384818 0.177745 0.040312 0.082972
0 0.448185 0.242157 0.021745 0.095167
0 0.426187 0.268181 0.021250 0.085954
0 0.378846 0.288106 0.037641 0.085954
0 0.389888 0.321417 0.040984 0.084167
0 0.485826 0.318292 0.050182 0.076139
0 0.541937 0.298292 0.051760 0.036750
0 0.590258 0.316926 0.036870 0.090222
0 0.657073 0.319208 0.024385 0.088083
0 0.602102 0.342778 0.039484 0.088426
0 0.517328 0.369963 0.021677 0.091185
0 0.539682 0.361704 0.023031 0.091870
0 0.560198 0.361875 0.022260 0.088083
0 0.626878 0.384755 0.033682 0.089120
0 0.638781 0.413148 0.037740 0.084648
0 0.601716 0.424671 0.035609 0.077417
0 0.672151 0.420870 0.020865 0.085648
0 0.589258 0.453995 0.048682 0.080602
0 0.625141 0.499347 0.034792 0.086250
0 0.648984 0.487032 0.029865 0.082861
0 0.666417 0.514356 0.033240 0.079750
0 0.564635 0.494236 0.032490 0.086861
0 0.546396 0.468801 0.031490 0.087083
0 0.524464 0.462042 0.037740 0.091306
0 0.499357 0.455315 0.031807 0.089704
0 0.482245 0.405370 0.021417 0.091000
0 0.449958 0.382324 0.037469 0.090704
0 0.437328 0.432139 0.047677 0.079704
0 0.467479 0.490347 0.026313 0.090213
0 0.423888 0.486366 0.049880 0.067343
0 0.485333 0.547949 0.051615 0.049602
0 0.538385 0.571407 0.030448 0.090407
0 0.570253 0.549847 0.032953 0.087139
0 0.580542 0.580778 0.044833 0.085352
0 0.635427 0.571287 0.026094 0.088630
0 0.650904 0.596120 0.027266 0.089519
0 0.620289 0.642218 0.031620 0.065731
0 0.608846 0.669306 0.045505 0.085056
0 0.553724 0.677343 0.033625 0.085056
0 0.578987 0.702176 0.031953 0.094870
0 0.520102 0.615926 0.030276 0.086833
0 0.532945 0.738833 0.036776 0.070537
0 0.503721 0.741588 0.036776 0.077417
0 0.468685 0.766361 0.051484 0.053333
0 0.478422 0.656009 0.052062 0.069167
0 0.471018 0.611083 0.046672 0.079704
0 0.435589 0.603824 0.039646 0.084167
0 0.414091 0.598171 0.040484 0.091306
0 0.419505 0.526898 0.049448 0.069907
0 0.395089 0.575245 0.042490 0.087139
0 0.367990 0.581787 0.039479 0.078222
0 0.445727 0.694644 0.031953 0.082676
0 0.423612 0.723194 0.026932 0.074944
0 0.380870 0.709370 0.045500 0.084167
0 0.380453 0.657917 0.045333 0.085352
0 0.336372 0.616046 0.040318 0.082981
0 0.336773 0.547852 0.055203 0.059185
0 0.317534 0.491792 0.029109 0.087435
0 0.350323 0.484806 0.039813 0.080000
0 0.377844 0.485546 0.045333 0.085056
0 0.367195 0.418403 0.045828 0.042676
0 0.320208 0.420972 0.039760 0.073000
0 0.329750 0.350727 0.029062 0.087398
0 0.348544 0.335560 0.025016 0.089954
0 0.340253 0.252898 0.035130 0.090111
