0 0.448555 0.150944 0.030776 0.058500
0 0.509911 0.150426 0.039677 0.039574
0 0.516396 0.180537 0.048000 0.067444
0 0.495880 0.233009 0.049552 0.040259
0 0.581411 0.228213 0.045500 0.078815
0 0.642536 0.238620 0.044833 0.069593
0 0.561659 0.280657 0.048724 0.051667
0 0.563128 0.343574 0.052484 0.064426
0 0.589367 0.380560 0.050484 0.068194
0 0.663370 0.418662 0.038604 0.087139
0 0.678581 0.514588 0.027901 0.075824
0 0.648885 0.572509 0.031740 0.085944
0 0.621995 0.526856 0.049010 0.070194
0 0.579839 0.493727 0.053531 0.060676
0 0.590544 0.626551 0.052484 0.069917
0 0.583534 0.702347 0.022411 0.088157
0 0.538034 0.753296 0.047568 0.034185
0 0.482716 0.778856 0.044818 0.043213
0 0.429294 0.760208 0.050172 0.037787
0 0.500820 0.531292 0.037109 0.086194
0 0.507044 0.374250 0.044734 0.069981
0 0.430148 0.417477 0.051182 0.057324
0 0.320513 0.464343 0.052193 0.040444
0 0.363654 0.384926 0.040859 0.093593
0 0.395591 0.361875 0.054797 0.059176
0 0.448516 0.364287 0.049937 0.059185
0 0.347161 0.318708 0.038979 0.083861
0 0.331688 0.285102 0.041156 0.091000
0 0.478047 0.325352 0.033250 0.072741
0 0.493372 0.302093 0.033255 0.092019
0 0.395792 0.231750 0.024760 0.093093
0 0.366182 0.207662 0.039146 0.081787
0 0.403497 0.152106 0.041161 0.071083
