0 0.451484 0.147435 0.041333 0.088981
0 0.334977 0.423750 0.046109 0.042815
0 0.314419 0.486921 0.022026 0.088750
0 0.423612 0.122495 0.048536 0.047194
0 0.480018 0.114403 0.048724 0.064713
0 0.491203 0.176593 0.044177 0.078537
0 0.474701 0.263736 0.021714 0.097102
0 0.505193 0.254958 0.040146 0.084231
0 0.532724 0.300005 0.049135 0.083065
0 0.535247 0.377222 0.027859 0.092426
0 0.516677 0.103898 0.042896 0.049185
0 0.563375 0.097579 0.048479 0.036546
0 0.539393 0.158944 0.052286 0.044667
0 0.582159 0.140222 0.048984 0.037907
0 0.586982 0.182185 0.045432 0.053241
0 0.538885 0.207681 0.050760 0.043769
0 0.553096 0.236102 0.052286 0.041963
0 0.610794 0.231991 0.041682 0.058111
0 0.612771 0.267088 0.041677 0.056546
0 0.643154 0.188898 0.046724 0.053815
0 0.702513 0.360370 0.023693 0.086185
0 0.614289 0.445528 0.041141 0.088315
0 0.645857 0.463056 0.040953 0.083593
0 0.550680 0.448565 0.049297 0.050556
0 0.631591 0.541713 0.030932 0.085019
0 0.674695 0.552046 0.027203 0.078389
0 0.655721 0.594167 0.030932 0.065907
0 0.645852 0.630630 0.024786 0.064741
0 0.560956 0.639213 0.023911 0.093593
0 0.600828 0.662190 0.035073 0.089991
0 0.562224 0.728532 0.044240 0.041361
