0 0.443794 0.121352 0.048005 0.039222
0 0.523055 0.132019 0.047807 0.047481
0 0.494216 0.161097 0.047036 0.059528
0 0.492669 0.201181 0.052453 0.081213
0 0.398214 0.194472 0.023031 0.095315
0 0.425602 0.190000 0.032130 0.082926
0 0.445536 0.202556 0.029031 0.098407
0 0.478055 0.244023 0.051484 0.079491
0 0.571242 0.194963 0.022266 0.068111
0 0.558010 0.246671 0.024969 0.096694
0 0.615198 0.238620 0.037396 0.085204
0 0.537599 0.289778 0.022844 0.095944
0 0.588638 0.320347 0.033286 0.097843
0 0.625357 0.319602 0.030443 0.095759
0 0.660388 0.384644 0.033120 0.081491
0 0.567128 0.362486 0.020911 0.091898
0 0.618315 0.415569 0.040318 0.080898
0 0.582078 0.427731 0.033146 0.094352
0 0.596297 0.467148 0.029781 0.087185
0 0.612961 0.514542 0.026599 0.092194
0 0.615820 0.628833 0.039984 0.092630
0 0.591013 0.585236 0.023922 0.084750
0 0.564495 0.522843 0.023708 0.092426
0 0.552695 0.419968 0.024724 0.093306
0 0.536740 0.453037 0.024333 0.091574
0 0.547216 0.546667 0.025880 0.092019
0 0.531456 0.584704 0.027901 0.088926
0 0.551589 0.641120 0.053490 0.058204
0 0.575648 0.698856 0.046484 0.085083
0 0.524727 0.703630 0.052109 0.057315
0 0.528789 0.741731 0.051234 0.061537
0 0.480865 0.729824 0.037594 0.087907
0 0.451154 0.730338 0.047859 0.093046
0 0.501398 0.668833 0.051036 0.036500
0 0.505297 0.603764 0.030115 0.088917
0 0.482128 0.597222 0.034297 0.090704
0 0.520385 0.493046 0.024385 0.089815
0 0.477122 0.493565 0.052453 0.063315
0 0.485930 0.526597 0.049161 0.061935
0 0.496146 0.411944 0.034958 0.094278
0 0.477159 0.425773 0.033453 0.088620
0 0.449221 0.436181 0.046172 0.083861
0 0.513094 0.365190 0.024927 0.091306
0 0.474578 0.331602 0.052917 0.045500
0 0.439953 0.347481 0.028740 0.094852
0 0.421208 0.363144 0.028740 0.087083
0 0.411198 0.431421 0.046844 0.081787
0 0.448807 0.273509 0.054583 0.059185
0 0.400612 0.303792 0.055745 0.060565
0 0.371385 0.280046 0.055740 0.063315
0 0.358109 0.204208 0.030969 0.083620
0 0.319107 0.237588 0.040453 0.063657
0 0.322057 0.280449 0.041063 0.063231
0 0.283576 0.339468 0.037307 0.088620
0 0.320044 0.326829 0.041651 0.061565
0 0.380685 0.356120 0.049182 0.083278
0 0.358688 0.367718 0.049010 0.083861
0 0.360779 0.432255 0.049182 0.048769
0 0.308586 0.379764 0.054870 0.062750
0 0.319961 0.411435 0.043828 0.065426
0 0.281448 0.454366 0.021719 0.085194
0 0.321310 0.480245 0.039641 0.082806
0 0.366326 0.468699 0.047703 0.046176
0 0.417273 0.487611 0.050161 0.045778
0 0.386349 0.526218 0.032323 0.089806
0 0.366799 0.537056 0.033099 0.090148
0 0.318120 0.538435 0.039490 0.084648
0 0.426510 0.553745 0.030583 0.088435
0 0.395831 0.588671 0.052068 0.052991
0 0.313703 0.600134 0.034458 0.088028
0 0.347664 0.645787 0.042828 0.046685
0 0.387729 0.648315 0.039646 0.079111
0 0.439349 0.664926 0.033677 0.084056
0 0.455781 0.635958 0.039760 0.082769
0 0.408299 0.718694 0.027474 0.081222
0 0.362396 0.701088 0.044385 0.069657
