0 0.503070 0.062144 0.049349 0.039250
0 0.560201 0.109282 0.052526 0.049657
0 0.505664 0.101403 0.051526 0.052343
0 0.507922 0.143338 0.048344 0.037472
0 0.509112 0.184671 0.051359 0.046102
0 0.457003 0.157759 0.052526 0.050556
0 0.446424 0.109380 0.048984 0.043759
0 0.430164 0.064329 0.052276 0.043306
0 0.381310 0.100875 0.052922 0.049620
0 0.403284 0.147931 0.049005 0.039491
0 0.408453 0.189167 0.047979 0.042815
0 0.368688 0.173898 0.031365 0.097574
0 0.345112 0.180208 0.032943 0.100991
0 0.494383 0.218523 0.048818 0.040991
0 0.453917 0.227315 0.022021 0.076833
0 0.482253 0.286944 0.023943 0.095463
0 0.503247 0.286949 0.021734 0.081787
0 0.539307 0.263750 0.042656 0.081778
0 0.551336 0.236088 0.043089 0.068120
0 0.563846 0.208912 0.043328 0.088028
0 0.578544 0.181083 0.042943 0.067593
0 0.602328 0.170676 0.043375 0.072481
0 0.608258 0.287829 0.028047 0.098694
0 0.647063 0.249273 0.037740 0.069139
0 0.578635 0.318472 0.029104 0.080296
0 0.544341 0.318616 0.049516 0.057991
0 0.641469 0.361505 0.042490 0.076139
0 0.620893 0.379792 0.043495 0.077028
0 0.615789 0.413847 0.037974 0.092194
0 0.590612 0.435856 0.040818 0.086843
0 0.559833 0.401949 0.036802 0.096954
0 0.527180 0.365727 0.048391 0.083620
0 0.528049 0.445042 0.048193 0.075009
0 0.583839 0.476329 0.047344 0.082083
0 0.639625 0.487481 0.039479 0.074648
0 0.615724 0.556208 0.045000 0.053528
0 0.600497 0.592792 0.054370 0.057102
0 0.580977 0.634000 0.040339 0.078907
0 0.557263 0.669218 0.033401 0.075824
0 0.536445 0.505801 0.052693 0.070491
0 0.508591 0.526171 0.048849 0.077324
0 0.501513 0.607426 0.031661 0.090741
0 0.495164 0.682245 0.051328 0.037528
0 0.512943 0.721190 0.053625 0.042417
0 0.447841 0.716306 0.052922 0.056833
0 0.466802 0.648176 0.050125 0.072852
0 0.460284 0.595356 0.049734 0.069972
0 0.463409 0.550213 0.052359 0.068870
0 0.475701 0.402958 0.047932 0.071398
0 0.442112 0.445389 0.050714 0.057463
0 0.462068 0.341579 0.028104 0.092787
0 0.442414 0.352731 0.023255 0.087130
0 0.421661 0.348417 0.023573 0.081481
0 0.435956 0.262088 0.026130 0.094620
0 0.415245 0.263639 0.024583 0.084648
0 0.377302 0.248889 0.051469 0.051407
0 0.393365 0.299625 0.028198 0.088417
0 0.373846 0.310681 0.024724 0.080713
0 0.344401 0.282190 0.031615 0.097546
0 0.301073 0.252449 0.038979 0.084454
0 0.315914 0.334727 0.027870 0.089120
0 0.289880 0.349866 0.024198 0.092565
0 0.338076 0.379801 0.054391 0.073287
0 0.387141 0.382727 0.049937 0.066750
0 0.387237 0.421093 0.045484 0.065722
0 0.358883 0.461662 0.046557 0.090213
0 0.311458 0.451769 0.054073 0.075056
0 0.328859 0.511333 0.056708 0.063056
0 0.405318 0.523528 0.051375 0.075537
0 0.337307 0.540921 0.047177 0.057398
0 0.409922 0.576347 0.049552 0.076046
0 0.355341 0.569981 0.055359 0.064000
0 0.366760 0.603019 0.055354 0.059870
0 0.379922 0.635023 0.048385 0.048861
0 0.410388 0.657250 0.051682 0.081204
