0 0.587992 0.415194 0.042849 0.071463
0 0.391518 0.109806 0.042995 0.084630
0 0.362781 0.171227 0.025448 0.082676
0 0.337005 0.208667 0.029177 0.092037
0 0.311427 0.391907 0.026135 0.087185
0 0.326823 0.453954 0.039083 0.092056
0 0.354995 0.477644 0.028427 0.081676
0 0.382029 0.431394 0.029693 0.092046
0 0.379870 0.523671 0.028427 0.094306
0 0.348398 0.557514 0.035026 0.090694
0 0.397661 0.645449 0.045187 0.047972
0 0.438898 0.665537 0.035536 0.079556
0 0.445591 0.614639 0.042339 0.060444
0 0.444211 0.549792 0.050766 0.037454
0 0.500797 0.658412 0.045500 0.043139
0 0.500419 0.692625 0.047401 0.045509
0 0.563339 0.650722 0.041292 0.066130
0 0.563302 0.550218 0.021719 0.076435
0 0.616169 0.611833 0.034443 0.074870
0 0.631544 0.548954 0.051266 0.050852
0 0.613133 0.524407 0.051266 0.049093
0 0.600318 0.492051 0.040927 0.056398
0 0.618990 0.433394 0.048729 0.069435
0 0.644870 0.438792 0.036021 0.076176
0 0.669518 0.463731 0.022370 0.085611
0 0.634151 0.380190 0.053250 0.037009
0 0.627227 0.307847 0.022120 0.087102
0 0.680648 0.316588 0.028349 0.075454
0 0.658177 0.232574 0.032687 0.061222
