0 0.595461 0.472523 0.048693 0.078213
0 0.659315 0.430861 0.023318 0.082648
0 0.576000 0.506468 0.044458 0.047361
0 0.591185 0.562727 0.047682 0.052491
0 0.582789 0.593495 0.042422 0.048269
0 0.569815 0.626380 0.052078 0.050074
0 0.620964 0.418083 0.052208 0.067519
0 0.636026 0.364815 0.044729 0.035981
0 0.600388 0.367292 0.027130 0.087861
0 0.641878 0.307667 0.037693 0.036241
0 0.629852 0.272079 0.052651 0.034935
0 0.552583 0.558593 0.031562 0.085981
0 0.551055 0.659412 0.041745 0.048565
0 0.519932 0.705477 0.046344 0.039102
0 0.469852 0.712907 0.047661 0.033111
0 0.500164 0.668935 0.050609 0.038167
0 0.519362 0.623843 0.044568 0.050963
0 0.529336 0.551051 0.035974 0.088991
0 0.642482 0.513231 0.028078 0.085167
