0 0.554029 0.162417 0.043870 0.052870
0 0.554630 0.229653 0.031865 0.075528
0 0.602773 0.230532 0.025932 0.077620
0 0.625443 0.268894 0.037135 0.068694
0 0.645180 0.297444 0.035130 0.063352
0 0.602625 0.325986 0.038708 0.081546
0 0.669208 0.364528 0.039490 0.060907
0 0.625466 0.390676 0.032516 0.084296
0 0.634711 0.432523 0.032286 0.083565
0 0.650880 0.487505 0.020906 0.091880
0 0.671685 0.470815 0.023807 0.089463
0 0.693461 0.480449 0.025932 0.090843
0 0.676253 0.561546 0.041984 0.044204
0 0.665383 0.605579 0.052484 0.060917
0 0.657922 0.655736 0.041781 0.039861
0 0.624906 0.585940 0.029615 0.079083
0 0.594362 0.617847 0.042776 0.072602
0 0.619716 0.683569 0.043547 0.046454
0 0.650589 0.718843 0.038708 0.085333
0 0.609836 0.738912 0.038734 0.090194
0 0.590716 0.757681 0.037984 0.093083
0 0.565898 0.809620 0.048359 0.062648
0 0.552654 0.771190 0.047859 0.074194
0 0.553156 0.725944 0.045396 0.080444
0 0.548276 0.685810 0.046063 0.083269
0 0.511242 0.758380 0.024859 0.090778
0 0.507771 0.824074 0.051063 0.041407
0 0.448383 0.787903 0.041224 0.042324
0 0.471320 0.718394 0.046453 0.067102
0 0.513143 0.675583 0.046005 0.084463
0 0.421284 0.738935 0.054578 0.068130
0 0.400284 0.713991 0.048578 0.065037
0 0.430711 0.651949 0.026901 0.090491
0 0.449680 0.631819 0.030391 0.089472
0 0.397612 0.676898 0.045099 0.062630
0 0.392581 0.638870 0.049745 0.065037
0 0.352805 0.660037 0.035609 0.097037
0 0.501919 0.588773 0.049359 0.069157
0 0.585953 0.524861 0.021927 0.089815
0 0.545880 0.533194 0.033125 0.085648
0 0.509159 0.539884 0.049016 0.068694
0 0.555500 0.458977 0.049156 0.063713
0 0.482279 0.530333 0.043734 0.066648
0 0.433599 0.572866 0.048177 0.066028
0 0.387945 0.571227 0.037641 0.087435
0 0.363354 0.593384 0.030281 0.096657
0 0.334747 0.569593 0.029276 0.087130
0 0.426388 0.533014 0.052484 0.077102
0 0.465094 0.477671 0.024146 0.086620
0 0.442583 0.440852 0.022750 0.094870
0 0.422089 0.457056 0.023250 0.090407
0 0.399003 0.488134 0.021578 0.091898
0 0.375669 0.478319 0.032453 0.091306
0 0.351898 0.481657 0.032099 0.091759
0 0.335995 0.455056 0.028917 0.088426
0 0.382622 0.414185 0.055953 0.048833
0 0.453487 0.366611 0.044234 0.054204
0 0.552839 0.329000 0.041823 0.064241
0 0.528766 0.281894 0.048344 0.051750
