0 0.446193 0.054847 0.054063 0.047380
0 0.473602 0.047403 0.039849 0.043324
0 0.516880 0.069514 0.024875 0.061361
0 0.502031 0.122083 0.046958 0.045574
0 0.543909 0.078764 0.025130 0.071750
0 0.579951 0.077861 0.045432 0.075352
0 0.551271 0.155472 0.051521 0.064519
0 0.575638 0.180963 0.051016 0.044222
0 0.612948 0.160884 0.037313 0.080769
0 0.628174 0.141032 0.039849 0.086176
0 0.625625 0.221880 0.051333 0.054574
0 0.661161 0.224032 0.040802 0.077602
0 0.591404 0.253477 0.035099 0.076435
0 0.636690 0.270440 0.055474 0.044065
0 0.671388 0.316009 0.041297 0.037574
0 0.688792 0.390176 0.023104 0.078944
0 0.665768 0.389593 0.022286 0.080111
0 0.611039 0.388574 0.027203 0.083315
0 0.632094 0.426296 0.038510 0.074870
0 0.656453 0.494676 0.054104 0.043741
0 0.637995 0.556542 0.036052 0.078065
0 0.609083 0.638935 0.036823 0.077296
0 0.555479 0.670032 0.044042 0.041787
0 0.522000 0.720736 0.052687 0.040787
0 0.470732 0.693546 0.022661 0.067481
0 0.513341 0.572616 0.047818 0.074287
0 0.479224 0.578912 0.051521 0.078991
0 0.514221 0.498495 0.052151 0.043250
0 0.442062 0.553282 0.040573 0.091343
0 0.416943 0.543009 0.043417 0.075500
0 0.322901 0.536602 0.040573 0.083259
0 0.487258 0.439532 0.030589 0.092898
0 0.446969 0.456653 0.055094 0.052120
0 0.437427 0.399528 0.029167 0.086815
0 0.452375 0.335718 0.054604 0.037417
0 0.466026 0.297796 0.044740 0.037074
0 0.526031 0.237597 0.047969 0.039769
0 0.390466 0.382407 0.053964 0.067852
0 0.311055 0.388259 0.023255 0.085796
0 0.330906 0.329565 0.026979 0.096333
0 0.356682 0.318255 0.046948 0.090083
0 0.342404 0.228556 0.024349 0.097889
0 0.378049 0.239481 0.027641 0.086185
0 0.401958 0.251569 0.025885 0.095546
0 0.362385 0.145491 0.032250 0.060833
0 0.383445 0.139639 0.043651 0.059278
