0 0.459276 0.706815 0.036969 0.064722
0 0.414896 0.193366 0.050302 0.069324
0 0.356943 0.445106 0.022615 0.088750
0 0.375107 0.386810 0.031370 0.082676
0 0.389589 0.319935 0.040583 0.086185
0 0.395839 0.286394 0.030271 0.081509
0 0.427865 0.373750 0.029396 0.085407
0 0.456932 0.358153 0.027417 0.081509
0 0.477112 0.336310 0.038828 0.093213
0 0.444440 0.282185 0.036964 0.090093
0 0.425872 0.245222 0.036870 0.084481
0 0.492120 0.442440 0.040229 0.077269
0 0.458424 0.173389 0.034505 0.094370
0 0.503263 0.207769 0.050620 0.043148
0 0.499281 0.145583 0.033177 0.081907
0 0.546583 0.107157 0.047021 0.040111
0 0.431625 0.504569 0.035531 0.080398
0 0.455706 0.578704 0.022026 0.073093
0 0.481253 0.515792 0.051391 0.071528
0 0.367310 0.567218 0.023786 0.092935
0 0.399760 0.570347 0.034656 0.077269
0 0.423255 0.573222 0.034062 0.073611
0 0.451740 0.645009 0.039937 0.075185
0 0.483161 0.647620 0.042875 0.084574
0 0.421169 0.651199 0.036589 0.088306
0 0.402969 0.668389 0.036969 0.087630
0 0.444677 0.723667 0.042281 0.049204
