0 0.550940 0.751759 0.036807 0.056852
0 0.395122 0.189153 0.038922 0.072694
0 0.346568 0.242620 0.035385 0.053815
0 0.321013 0.267778 0.051891 0.035648
0 0.356594 0.298532 0.053073 0.041231
0 0.291133 0.333481 0.051109 0.065000
0 0.391977 0.354796 0.044422 0.083870
0 0.264008 0.376810 0.035380 0.074787
0 0.306466 0.388347 0.054255 0.044731
0 0.265383 0.430630 0.029484 0.044037
0 0.578174 0.283213 0.035786 0.083926
0 0.568148 0.327204 0.034516 0.086185
0 0.602971 0.370750 0.022078 0.071741
0 0.628479 0.440912 0.023354 0.089343
0 0.610846 0.516139 0.021745 0.087593
0 0.626815 0.590440 0.032620 0.082750
0 0.599672 0.660616 0.027667 0.089343
0 0.574924 0.622935 0.021318 0.086185
0 0.537615 0.602181 0.052792 0.064528
0 0.578732 0.700551 0.034516 0.060917
0 0.564266 0.726718 0.036042 0.054602
0 0.511471 0.723565 0.048734 0.045574
0 0.500635 0.804194 0.024115 0.087981
0 0.430458 0.823824 0.019292 0.054148
0 0.394797 0.838032 0.052031 0.040157
