0 0.533909 0.110713 0.042484 0.078870
0 0.504544 0.114824 0.043234 0.071981
0 0.494721 0.149190 0.048859 0.057750
0 0.543810 0.178671 0.043203 0.068731
0 0.572052 0.174829 0.046552 0.062213
0 0.587667 0.151921 0.037115 0.083306
0 0.605466 0.224134 0.032964 0.091250
0 0.637448 0.270917 0.024292 0.086111
0 0.573760 0.264361 0.033688 0.092019
0 0.542964 0.234157 0.038021 0.089704
0 0.617734 0.320912 0.025865 0.084194
0 0.661117 0.386931 0.020745 0.084417
0 0.631477 0.358176 0.018505 0.075056
0 0.545815 0.344671 0.046172 0.061269
0 0.519167 0.287569 0.044833 0.078213
0 0.505948 0.267495 0.038812 0.063639
0 0.491479 0.210278 0.029781 0.093981
0 0.463711 0.188273 0.026766 0.068398
0 0.444891 0.193176 0.024927 0.070481
0 0.426487 0.201060 0.026599 0.077324
0 0.395206 0.175333 0.023589 0.069889
0 0.436273 0.271245 0.052193 0.048176
0 0.398552 0.265444 0.021583 0.070481
0 0.437404 0.086829 0.047859 0.062194
0 0.403789 0.108162 0.050891 0.064769
0 0.349458 0.150190 0.043365 0.066639
0 0.374648 0.202176 0.021620 0.063315
0 0.335036 0.225500 0.031969 0.091963
0 0.310695 0.238968 0.030057 0.090287
0 0.340031 0.287032 0.039677 0.062620
0 0.345643 0.317829 0.043161 0.062287
0 0.309063 0.323681 0.026906 0.077417
0 0.284964 0.374431 0.018198 0.090843
0 0.317482 0.390088 0.055359 0.068472
0 0.395773 0.351380 0.053224 0.055741
0 0.376901 0.392153 0.051875 0.068472
0 0.352128 0.423472 0.045682 0.048519
0 0.427576 0.330662 0.051870 0.052991
0 0.463867 0.318625 0.043547 0.061250
0 0.428430 0.391991 0.053026 0.054722
0 0.457117 0.421579 0.048849 0.074046
0 0.398758 0.475361 0.051182 0.076852
0 0.300878 0.457319 0.040339 0.039324
0 0.352130 0.505000 0.053208 0.074537
0 0.381357 0.497338 0.041391 0.073102
0 0.304773 0.534528 0.046672 0.085056
0 0.350542 0.558847 0.044385 0.066824
0 0.442664 0.567722 0.049182 0.084463
0 0.329714 0.632921 0.048198 0.076731
0 0.389099 0.635042 0.051281 0.062509
0 0.381151 0.665694 0.052854 0.060111
0 0.381820 0.706903 0.053297 0.054139
0 0.425667 0.704111 0.041750 0.058130
0 0.431672 0.644833 0.040531 0.085593
0 0.455635 0.633884 0.047250 0.065287
0 0.482732 0.620148 0.046807 0.064093
0 0.501880 0.597458 0.045688 0.062509
0 0.432201 0.745681 0.041224 0.049213
0 0.475461 0.727444 0.029422 0.067093
0 0.497622 0.720731 0.033099 0.068130
0 0.527445 0.673773 0.020745 0.068694
0 0.550078 0.723991 0.050458 0.065537
0 0.577448 0.675319 0.047177 0.037472
0 0.594060 0.635264 0.051474 0.052954
0 0.550698 0.543454 0.050313 0.044981
0 0.551203 0.587019 0.049302 0.044204
0 0.619737 0.565556 0.043516 0.037778
0 0.612081 0.605139 0.045526 0.040870
0 0.617279 0.505051 0.044391 0.058343
0 0.652872 0.506569 0.024578 0.094972
