0 0.517346 0.145847 0.030776 0.061935
0 0.490831 0.152731 0.028453 0.101167
0 0.444570 0.140347 0.048193 0.066750
0 0.397583 0.211556 0.042156 0.064241
0 0.413557 0.258694 0.040646 0.039556
0 0.355260 0.252745 0.045167 0.063343
0 0.367740 0.291875 0.032115 0.080639
0 0.380299 0.306870 0.046234 0.070648
0 0.400333 0.324819 0.034406 0.086361
0 0.433690 0.368000 0.036724 0.068889
0 0.397615 0.387662 0.051615 0.048583
0 0.322091 0.348745 0.023370 0.089306
0 0.341898 0.369630 0.038234 0.077315
0 0.357422 0.401593 0.041781 0.079167
0 0.383880 0.444264 0.051323 0.054491
0 0.425969 0.439634 0.047854 0.070935
0 0.359378 0.536616 0.046859 0.081750
0 0.335451 0.513292 0.025245 0.088861
0 0.309604 0.494560 0.022083 0.080602
0 0.326440 0.434630 0.046234 0.073093
0 0.345451 0.600769 0.052630 0.063481
0 0.417448 0.599838 0.051406 0.063935
0 0.386810 0.656713 0.037255 0.044741
0 0.360323 0.697500 0.044500 0.063537
0 0.394706 0.718847 0.024245 0.073306
0 0.418461 0.737731 0.022245 0.066204
0 0.441005 0.705301 0.030115 0.094194
0 0.442625 0.622977 0.036146 0.065028
0 0.465180 0.633259 0.037016 0.066056
0 0.483852 0.578935 0.048109 0.059759
0 0.516404 0.574324 0.050016 0.055315
0 0.496789 0.695819 0.049745 0.072954
0 0.485349 0.753519 0.051292 0.040926
0 0.461833 0.797051 0.051875 0.039917
0 0.513901 0.790861 0.050708 0.050926
0 0.538674 0.745958 0.047224 0.059528
0 0.545604 0.703116 0.045292 0.082935
0 0.561206 0.655690 0.021078 0.074343
0 0.582031 0.682306 0.029948 0.073463
0 0.589893 0.740894 0.049016 0.047287
0 0.620740 0.668981 0.021750 0.063648
0 0.657208 0.597903 0.044500 0.086250
0 0.635258 0.484065 0.029422 0.093593
0 0.688872 0.530519 0.020516 0.088778
0 0.674997 0.475426 0.050651 0.060481
0 0.637234 0.246338 0.025135 0.092583
0 0.671047 0.312440 0.043531 0.082917
