0 0.485216 0.201079 0.031161 0.069157
0 0.510279 0.202111 0.032130 0.071222
0 0.557219 0.216907 0.042000 0.075352
0 0.442924 0.201250 0.030193 0.077074
0 0.416599 0.201940 0.042583 0.091528
0 0.397630 0.213463 0.042969 0.091870
0 0.440602 0.259579 0.051870 0.038194
0 0.511995 0.272153 0.044240 0.041898
0 0.565922 0.274079 0.042219 0.074028
0 0.597979 0.283037 0.033115 0.071315
0 0.577865 0.335745 0.042156 0.077620
0 0.614500 0.340065 0.037135 0.054722
0 0.621607 0.382935 0.054984 0.056093
0 0.629453 0.421903 0.054365 0.058861
0 0.573284 0.382569 0.043807 0.069657
0 0.559794 0.445778 0.025734 0.096130
0 0.587771 0.474565 0.022698 0.092537
0 0.523917 0.412181 0.045667 0.067509
0 0.522828 0.455750 0.046167 0.069000
0 0.527589 0.496787 0.045656 0.064833
0 0.533367 0.538093 0.048922 0.067389
0 0.617062 0.564745 0.041354 0.059917
0 0.607305 0.606255 0.051036 0.071991
0 0.590479 0.652981 0.040615 0.064204
0 0.542247 0.672977 0.046859 0.082417
0 0.554661 0.705356 0.046990 0.088417
0 0.564419 0.736458 0.045401 0.087398
0 0.517068 0.601389 0.048292 0.068630
0 0.488513 0.585833 0.041495 0.085852
0 0.480677 0.543273 0.039615 0.090991
0 0.456820 0.520653 0.039328 0.088935
0 0.435930 0.512810 0.038026 0.094843
0 0.471107 0.447523 0.052047 0.069139
0 0.543857 0.330546 0.024755 0.095463
0 0.519599 0.341403 0.022083 0.077917
0 0.490661 0.376491 0.022417 0.095167
0 0.477945 0.304227 0.049182 0.048769
0 0.462305 0.366676 0.021911 0.095167
0 0.440977 0.372181 0.020745 0.081787
0 0.423276 0.298287 0.050781 0.046630
0 0.411742 0.362079 0.035422 0.078454
0 0.374773 0.347630 0.054005 0.043352
0 0.395971 0.439120 0.054411 0.048370
0 0.405687 0.473898 0.054156 0.048833
0 0.381971 0.239829 0.044859 0.092639
0 0.362654 0.259398 0.039859 0.078426
0 0.349159 0.283727 0.046609 0.085306
0 0.327477 0.297829 0.048984 0.093083
0 0.307781 0.321329 0.048510 0.088324
0 0.269391 0.372153 0.027937 0.096657
0 0.290552 0.394009 0.025760 0.093389
0 0.331872 0.399065 0.026099 0.086241
0 0.363740 0.409625 0.034292 0.091898
0 0.258167 0.466287 0.031375 0.087389
0 0.282964 0.485690 0.026604 0.086620
0 0.305878 0.482227 0.030505 0.088935
0 0.329474 0.492019 0.035854 0.087130
0 0.353547 0.501014 0.038021 0.090731
0 0.385411 0.526306 0.048146 0.057833
0 0.374888 0.571074 0.045359 0.055981
0 0.305471 0.559968 0.057984 0.062194
0 0.259786 0.570616 0.033250 0.084565
0 0.326078 0.611875 0.056531 0.069398
0 0.273810 0.624981 0.052630 0.088926
0 0.416219 0.628093 0.048010 0.085352
0 0.391961 0.635380 0.033964 0.089222
0 0.371302 0.643259 0.030781 0.089519
0 0.330818 0.651884 0.054531 0.066917
0 0.341609 0.683403 0.053031 0.067509
0 0.307062 0.703926 0.047177 0.075833
0 0.362635 0.739759 0.052260 0.057463
0 0.345120 0.766088 0.053229 0.057806
0 0.390315 0.799292 0.043359 0.056083
0 0.412029 0.747690 0.048578 0.075306
0 0.428224 0.724815 0.041927 0.088167
0 0.450461 0.717593 0.048432 0.078907
0 0.475503 0.659792 0.053193 0.078213
0 0.486042 0.689829 0.046167 0.066917
0 0.484951 0.768134 0.047922 0.087583
0 0.515742 0.771718 0.047255 0.086787
