0 0.487349 0.723037 0.043271 0.034667
0 0.451047 0.625486 0.048250 0.037806
0 0.432422 0.674375 0.044437 0.074046
0 0.477740 0.659380 0.038865 0.059704
0 0.397932 0.589181 0.043271 0.045250
0 0.389193 0.560074 0.042760 0.047963
0 0.376721 0.526588 0.039880 0.049769
0 0.536276 0.072491 0.046833 0.044944
0 0.585146 0.079884 0.048531 0.046454
0 0.583109 0.113218 0.049885 0.038306
0 0.630557 0.120444 0.044729 0.045111
0 0.618385 0.163199 0.050302 0.038324
0 0.589276 0.185634 0.032594 0.088306
0 0.603234 0.249116 0.040552 0.040417
0 0.680932 0.209088 0.029479 0.088380
0 0.662318 0.251319 0.035635 0.086269
0 0.718542 0.422699 0.024708 0.091120
0 0.646604 0.618505 0.047344 0.063954
0 0.351932 0.455431 0.021792 0.087954
0 0.650932 0.647616 0.047510 0.060028
0 0.605117 0.624236 0.051589 0.046454
0 0.590633 0.677056 0.048422 0.045185
0 0.607831 0.706565 0.033307 0.041870
0 0.551807 0.727810 0.043385 0.049657
0 0.505581 0.696505 0.044693 0.046287
