0 0.480294 0.087852 0.048818 0.040130
0 0.429695 0.116468 0.042234 0.091083
0 0.478922 0.132880 0.051625 0.048000
0 0.516672 0.122991 0.020740 0.076426
0 0.402984 0.182324 0.039865 0.064093
0 0.360435 0.207606 0.026870 0.070861
0 0.461883 0.209199 0.041203 0.089176
0 0.498161 0.208204 0.038521 0.079222
0 0.525708 0.226319 0.036729 0.099528
0 0.429880 0.285880 0.031354 0.097148
0 0.472096 0.284486 0.041432 0.087991
0 0.512854 0.289662 0.050385 0.066491
0 0.561224 0.227264 0.051875 0.067787
0 0.557451 0.268903 0.054005 0.062972
0 0.602904 0.207245 0.047703 0.079231
0 0.624852 0.194106 0.034266 0.095157
0 0.601448 0.263981 0.041656 0.078037
0 0.645005 0.271134 0.051281 0.069306
0 0.605367 0.325097 0.044568 0.060120
0 0.560578 0.332657 0.052177 0.063296
0 0.520826 0.340819 0.051505 0.066083
0 0.659646 0.295019 0.031552 0.056778
0 0.658292 0.341301 0.052844 0.066065
0 0.695359 0.369690 0.028646 0.084991
0 0.618227 0.390847 0.049745 0.057120
0 0.650937 0.401861 0.042000 0.079833
0 0.584458 0.400769 0.040198 0.070167
0 0.524898 0.415148 0.049359 0.079759
0 0.572503 0.429810 0.051120 0.069972
0 0.605258 0.449208 0.037745 0.084991
0 0.467281 0.369671 0.037990 0.081750
0 0.463922 0.433259 0.051906 0.051926
0 0.406013 0.330977 0.046068 0.090843
0 0.388029 0.375245 0.050016 0.058880
0 0.322536 0.376583 0.047177 0.053833
0 0.386776 0.417176 0.053531 0.066611
0 0.330818 0.418366 0.054698 0.058880
0 0.321753 0.450667 0.046609 0.054870
0 0.382674 0.471750 0.048234 0.042870
0 0.308734 0.523356 0.021865 0.081528
0 0.344854 0.570444 0.043417 0.080444
0 0.386310 0.585884 0.045974 0.074287
0 0.344453 0.630995 0.030510 0.078657
0 0.373065 0.650245 0.020672 0.088417
0 0.409573 0.699417 0.028052 0.069907
0 0.437406 0.712269 0.030219 0.064778
0 0.464531 0.734241 0.029740 0.059315
0 0.502589 0.708505 0.047510 0.036880
0 0.507940 0.744046 0.047505 0.038370
0 0.503836 0.587704 0.043547 0.065037
0 0.534224 0.661167 0.049740 0.046796
0 0.559547 0.683051 0.048177 0.048472
0 0.567997 0.713532 0.052026 0.055917
0 0.540437 0.584060 0.027292 0.091528
0 0.594245 0.557560 0.034646 0.086713
0 0.516896 0.474509 0.034406 0.089704
0 0.552607 0.492634 0.039901 0.080713
0 0.577836 0.490449 0.035130 0.079676
0 0.620557 0.481565 0.041990 0.086241
0 0.639414 0.553940 0.023130 0.088417
0 0.657630 0.562676 0.026312 0.092537
0 0.658255 0.452458 0.028771 0.080972
0 0.688375 0.479792 0.032240 0.084417
