0 0.316891 0.580144 0.034990 0.050491
0 0.352133 0.554704 0.040484 0.038426
0 0.262648 0.404421 0.025089 0.082380
0 0.624555 0.361287 0.027870 0.084648
0 0.624807 0.461333 0.028219 0.089981
0 0.588534 0.559319 0.049745 0.045417
0 0.497109 0.679819 0.044115 0.042880
0 0.443326 0.676259 0.030026 0.059333
0 0.413573 0.681921 0.042875 0.047231
0 0.309932 0.501074 0.037365 0.047981
0 0.376688 0.652380 0.033365 0.060426
0 0.301435 0.529176 0.050609 0.039315
0 0.406677 0.634940 0.041865 0.035324
0 0.343133 0.636361 0.045359 0.055315
0 0.391307 0.593468 0.041865 0.043546
0 0.406427 0.551148 0.044365 0.041981
0 0.282154 0.456833 0.028484 0.079167
