0 0.648643 0.211815 0.034130 0.086278
0 0.659586 0.590819 0.025703 0.083694
0 0.687987 0.530907 0.033922 0.087389
0 0.635297 0.468361 0.053250 0.065204
0 0.678990 0.465542 0.035125 0.039028
0 0.677503 0.430926 0.051411 0.039278
0 0.675164 0.390509 0.051266 0.038019
0 0.669388 0.333236 0.026766 0.073269
0 0.622083 0.371269 0.029000 0.091185
0 0.593979 0.395157 0.048177 0.074278
0 0.623521 0.234231 0.026354 0.090667
0 0.591479 0.270292 0.050240 0.063028
0 0.463622 0.112810 0.045630 0.060843
0 0.337510 0.280000 0.026979 0.086963
0 0.339047 0.347662 0.048042 0.070194
