0 0.463513 0.182421 0.040047 0.055509
0 0.338227 0.253773 0.041068 0.090472
0 0.383721 0.205440 0.045755 0.080824
0 0.426016 0.186190 0.022396 0.071491
0 0.450703 0.241093 0.020875 0.096222
0 0.492531 0.192676 0.019344 0.060944
0 0.485148 0.260250 0.044286 0.068778
0 0.559234 0.188903 0.042760 0.074213
0 0.541927 0.228875 0.044458 0.066065
0 0.549547 0.288245 0.034448 0.066972
0 0.587435 0.324773 0.041745 0.060935
0 0.590576 0.291440 0.044964 0.057009
0 0.610539 0.259069 0.034755 0.086306
0 0.630625 0.337546 0.037302 0.069500
0 0.648096 0.434213 0.030234 0.077833
0 0.638026 0.477560 0.029052 0.067713
0 0.636857 0.525537 0.037026 0.067852
0 0.636495 0.612806 0.024760 0.084000
0 0.610826 0.606347 0.027484 0.088843
0 0.597060 0.711463 0.029432 0.092981
