0 0.433911 0.137417 0.046802 0.067685
0 0.471297 0.151616 0.026375 0.064398
0 0.495823 0.156343 0.024969 0.088778
0 0.516435 0.152560 0.032516 0.065380
0 0.399143 0.198671 0.051484 0.039231
0 0.446271 0.204690 0.022260 0.093935
0 0.465435 0.231528 0.036193 0.082241
0 0.485273 0.246329 0.034839 0.087750
0 0.518565 0.230843 0.037932 0.063667
0 0.550596 0.183870 0.047422 0.046796
0 0.593297 0.170421 0.043896 0.081620
0 0.560599 0.233125 0.049271 0.046972
0 0.550185 0.262787 0.048599 0.048167
0 0.620284 0.272741 0.039193 0.090370
0 0.638086 0.244273 0.035828 0.087583
0 0.587297 0.305787 0.033875 0.085000
0 0.512102 0.299593 0.049161 0.051278
0 0.521875 0.335037 0.049740 0.049204
0 0.451711 0.288926 0.044516 0.039574
0 0.476195 0.339681 0.048578 0.057806
0 0.438453 0.354991 0.043167 0.073981
0 0.413440 0.263306 0.039984 0.089222
0 0.360578 0.231389 0.046844 0.069889
0 0.391943 0.242991 0.044667 0.055019
0 0.372826 0.313741 0.032286 0.094574
0 0.400013 0.339477 0.031547 0.093250
0 0.317635 0.367958 0.039146 0.080898
0 0.341474 0.393977 0.054365 0.043120
0 0.385148 0.418551 0.031359 0.082583
0 0.417760 0.425431 0.038906 0.079139
0 0.328823 0.442463 0.044521 0.053333
0 0.357953 0.468787 0.052844 0.049556
0 0.459076 0.414801 0.051036 0.065287
0 0.468099 0.478912 0.037594 0.086880
0 0.495570 0.462074 0.028047 0.085074
0 0.510818 0.420301 0.042865 0.088194
0 0.544680 0.376648 0.048859 0.045759
0 0.595779 0.367384 0.047109 0.035324
0 0.607273 0.402708 0.042609 0.037991
0 0.568091 0.456315 0.047859 0.055519
0 0.590992 0.484769 0.046484 0.057759
0 0.626630 0.462509 0.047740 0.075093
0 0.645010 0.326079 0.054073 0.058861
0 0.654552 0.358847 0.053781 0.054491
0 0.662419 0.395176 0.043109 0.043315
0 0.661401 0.439384 0.053677 0.048194
0 0.672031 0.511903 0.038021 0.094546
0 0.609065 0.527014 0.053245 0.074306
0 0.551784 0.563963 0.046557 0.085852
0 0.512096 0.592106 0.045547 0.086102
0 0.570289 0.608560 0.050891 0.075824
0 0.589190 0.634787 0.045984 0.075093
0 0.635352 0.572213 0.034411 0.086870
0 0.650099 0.608759 0.042823 0.089222
0 0.617164 0.680449 0.042505 0.073769
0 0.548703 0.704227 0.049302 0.077620
0 0.494354 0.686796 0.051469 0.073000
0 0.559164 0.746398 0.052859 0.055981
0 0.448956 0.530708 0.050182 0.063083
0 0.322573 0.516894 0.037938 0.072602
0 0.333216 0.612380 0.041422 0.084648
