0 0.527174 0.168514 0.044818 0.058083
0 0.453583 0.188306 0.040771 0.092019
0 0.513151 0.205014 0.045979 0.054491
0 0.555154 0.210153 0.042943 0.086880
0 0.469706 0.242926 0.051328 0.055259
0 0.500784 0.267944 0.043786 0.092130
0 0.518794 0.282454 0.042495 0.083370
0 0.555974 0.307792 0.045344 0.042843
0 0.590956 0.282912 0.051047 0.060343
0 0.559474 0.251824 0.040937 0.077389
0 0.610391 0.232931 0.037052 0.068176
0 0.608833 0.280153 0.045344 0.064028
0 0.566086 0.342412 0.046578 0.045380
0 0.448513 0.294838 0.051505 0.052157
0 0.464526 0.330468 0.050833 0.054935
0 0.500380 0.350176 0.049042 0.052148
0 0.517602 0.375060 0.046807 0.047769
0 0.533615 0.395560 0.044792 0.045787
0 0.546167 0.424824 0.046604 0.049370
0 0.588047 0.403125 0.040781 0.086398
0 0.414831 0.358537 0.045911 0.072852
0 0.434294 0.397157 0.029786 0.084000
0 0.457258 0.399546 0.028641 0.093556
0 0.487479 0.431792 0.043896 0.084009
0 0.414474 0.182907 0.049750 0.064944
0 0.397242 0.234731 0.053120 0.058963
0 0.387914 0.282407 0.046901 0.048370
0 0.379904 0.364495 0.032380 0.094343
0 0.335083 0.390347 0.053667 0.073546
0 0.337482 0.442579 0.041672 0.075676
0 0.390247 0.451426 0.046172 0.079407
0 0.402391 0.481273 0.047073 0.075157
0 0.442414 0.486338 0.026984 0.088472
0 0.469096 0.488736 0.031776 0.092213
0 0.508672 0.512718 0.037177 0.093269
0 0.552443 0.469815 0.052167 0.061833
0 0.593065 0.492468 0.055464 0.049565
0 0.673206 0.417847 0.022484 0.085806
0 0.679802 0.526523 0.026083 0.078343
0 0.650120 0.504935 0.027281 0.087407
0 0.579065 0.567032 0.038672 0.079417
0 0.547586 0.545444 0.030276 0.087407
0 0.522104 0.550773 0.032677 0.089546
0 0.492273 0.598208 0.044370 0.082083
0 0.417771 0.525722 0.032083 0.089537
0 0.432010 0.589417 0.035979 0.092204
0 0.458693 0.641912 0.050365 0.074620
0 0.644573 0.593148 0.040771 0.075148
0 0.662562 0.611269 0.044969 0.070889
0 0.632685 0.688940 0.029276 0.062750
0 0.593792 0.689236 0.036135 0.079398
0 0.517250 0.654588 0.053042 0.063046
0 0.576242 0.709551 0.037474 0.082380
0 0.522365 0.693639 0.050167 0.054130
0 0.604346 0.754454 0.046505 0.085944
0 0.560443 0.762495 0.023854 0.092269
0 0.539695 0.766736 0.023130 0.096639
0 0.518805 0.794755 0.023568 0.073509
0 0.488513 0.761593 0.025734 0.074537
0 0.483742 0.825079 0.048578 0.048324
0 0.446143 0.749162 0.041151 0.098139
0 0.457844 0.775926 0.038500 0.094574
0 0.400258 0.766588 0.050349 0.062750
0 0.411383 0.731940 0.047505 0.073750
0 0.424263 0.685843 0.053193 0.069000
0 0.377122 0.701356 0.033120 0.080028
0 0.363154 0.676667 0.035630 0.078185
0 0.380651 0.606856 0.053865 0.036583
0 0.372875 0.568940 0.053365 0.036880
0 0.325448 0.619194 0.031448 0.090407
0 0.322125 0.529139 0.030583 0.090148
0 0.350773 0.502301 0.034068 0.090843
