0 0.299505 0.311750 0.034698 0.070111
0 0.540534 0.107870 0.051016 0.043315
0 0.574164 0.221370 0.035536 0.094259
0 0.326997 0.271477 0.031286 0.061009
0 0.290742 0.441995 0.016891 0.076435
0 0.306534 0.426588 0.020839 0.083065
0 0.634521 0.216611 0.028177 0.052796
0 0.640357 0.263310 0.045432 0.062269
0 0.552859 0.662102 0.040146 0.085019
0 0.355214 0.652819 0.033344 0.076435
0 0.374844 0.634491 0.048042 0.064741
0 0.338542 0.582347 0.028740 0.076046
0 0.304867 0.519759 0.026766 0.084241
0 0.328120 0.504745 0.026323 0.080731
