0 0.430544 0.100787 0.049818 0.042537
0 0.485589 0.120787 0.051833 0.043056
0 0.493753 0.160912 0.049932 0.064694
0 0.545565 0.177648 0.046651 0.083130
0 0.581836 0.236528 0.032432 0.085093
0 0.551104 0.236148 0.043198 0.053130
0 0.517448 0.259097 0.053854 0.050713
0 0.488406 0.205611 0.055646 0.050778
0 0.546977 0.318593 0.036839 0.095741
0 0.586966 0.325213 0.027693 0.087389
0 0.606630 0.307736 0.034906 0.068750
0 0.466693 0.289528 0.042115 0.097000
0 0.495859 0.313125 0.051948 0.074287
0 0.509396 0.339102 0.049854 0.072759
0 0.554063 0.417505 0.050135 0.080565
0 0.596977 0.400759 0.032005 0.073778
0 0.605742 0.443083 0.034026 0.080296
0 0.597445 0.523056 0.040516 0.066370
0 0.565924 0.497375 0.029870 0.083343
0 0.580380 0.562708 0.045385 0.052472
0 0.571198 0.601565 0.053104 0.056611
0 0.479484 0.567917 0.049740 0.043722
0 0.461094 0.510130 0.052667 0.046574
0 0.505651 0.503231 0.036021 0.085944
0 0.521292 0.529185 0.033177 0.096741
0 0.522273 0.428861 0.040964 0.090593
0 0.492695 0.421139 0.022120 0.093222
0 0.455599 0.453245 0.051187 0.052917
0 0.401039 0.451102 0.052828 0.066444
0 0.450617 0.388162 0.028016 0.094676
0 0.469953 0.378259 0.025729 0.085352
0 0.409734 0.403894 0.052437 0.055639
0 0.410013 0.342926 0.021141 0.093222
0 0.379971 0.340472 0.039245 0.092019
0 0.328987 0.380005 0.034505 0.098417
0 0.377896 0.286528 0.045229 0.078944
0 0.408948 0.241231 0.033260 0.084481
0 0.431641 0.246032 0.032771 0.084769
0 0.437214 0.161639 0.046698 0.085352
0 0.393544 0.135426 0.045880 0.068463
0 0.377568 0.160042 0.048344 0.087972
0 0.351023 0.167611 0.045391 0.068167
0 0.332914 0.191213 0.051453 0.088556
0 0.335938 0.249593 0.043760 0.063444
0 0.319154 0.268477 0.052964 0.081065
0 0.275888 0.256773 0.034984 0.096935
0 0.304284 0.300958 0.045036 0.061935
0 0.270008 0.324921 0.056859 0.073417
0 0.257883 0.363523 0.042766 0.059139
0 0.298521 0.384639 0.037854 0.082148
0 0.248448 0.464343 0.032250 0.075259
0 0.255000 0.555699 0.028510 0.087398
0 0.306505 0.635667 0.026625 0.084593
