0 0.446924 0.084870 0.046401 0.045426
0 0.398617 0.102356 0.032599 0.099194
0 0.361026 0.086435 0.040823 0.059000
0 0.425633 0.164486 0.029661 0.097102
0 0.447219 0.162139 0.024667 0.077796
0 0.482458 0.126375 0.049333 0.066824
0 0.483924 0.165528 0.045224 0.067870
0 0.502721 0.187458 0.048745 0.064731
0 0.540182 0.202509 0.044750 0.053426
0 0.547750 0.232148 0.049792 0.073704
0 0.502779 0.250282 0.049797 0.070194
0 0.560583 0.262370 0.047385 0.052259
0 0.440479 0.219083 0.045406 0.032759
0 0.500807 0.291032 0.048479 0.056546
0 0.440917 0.254764 0.051990 0.037046
0 0.552328 0.348926 0.037198 0.094093
0 0.567794 0.408236 0.025401 0.096139
0 0.586477 0.421051 0.025724 0.092639
0 0.522732 0.442171 0.024089 0.093509
0 0.542479 0.455574 0.023594 0.089426
0 0.578323 0.511593 0.039052 0.092685
0 0.514904 0.529963 0.036214 0.091000
0 0.495565 0.372463 0.039818 0.092056
0 0.468693 0.381204 0.037854 0.087389
0 0.468565 0.306292 0.050432 0.066065
0 0.440505 0.321625 0.051948 0.067750
0 0.394544 0.295065 0.036214 0.081278
0 0.371568 0.156537 0.020531 0.068981
0 0.344945 0.159185 0.023651 0.075278
0 0.301794 0.134019 0.052880 0.059185
0 0.319568 0.201523 0.023990 0.099657
0 0.280398 0.207287 0.038922 0.044167
0 0.366607 0.226565 0.052755 0.040037
0 0.364224 0.294639 0.037938 0.080815
0 0.304539 0.268579 0.035828 0.059417
0 0.328703 0.320648 0.035073 0.089315
0 0.368896 0.360083 0.052896 0.040111
0 0.418385 0.384347 0.046042 0.049231
0 0.423711 0.425569 0.052432 0.051861
0 0.239810 0.269287 0.038432 0.082907
0 0.263247 0.269282 0.042964 0.083343
0 0.277654 0.309995 0.046016 0.084065
0 0.294156 0.329458 0.038188 0.080491
0 0.234451 0.380588 0.028016 0.081861
0 0.267057 0.405208 0.024417 0.095546
0 0.299013 0.445407 0.023432 0.086815
0 0.337708 0.401310 0.039438 0.034380
0 0.383357 0.458806 0.039266 0.093981
0 0.367344 0.479472 0.033562 0.086185
0 0.217013 0.460329 0.062297 0.062398
0 0.234781 0.536176 0.028521 0.090870
0 0.275362 0.528574 0.024130 0.087352
0 0.233547 0.638861 0.030906 0.095389
0 0.321518 0.618370 0.037536 0.043815
0 0.337083 0.716250 0.031469 0.096056
0 0.386094 0.660468 0.041521 0.070102
0 0.408182 0.618167 0.034125 0.094037
0 0.377682 0.743417 0.040312 0.061759
0 0.419057 0.729727 0.039167 0.070491
0 0.439034 0.669514 0.037526 0.079824
0 0.462630 0.691796 0.026708 0.095259
0 0.418586 0.542032 0.034839 0.093657
0 0.441177 0.544676 0.033281 0.090389
0 0.466453 0.555250 0.033990 0.090889
0 0.485471 0.540722 0.033172 0.092481
0 0.448651 0.477921 0.051656 0.057231
0 0.473745 0.450829 0.051406 0.058750
0 0.520305 0.622532 0.034266 0.089787
0 0.552667 0.610574 0.038583 0.084833
