0 0.627549 0.679792 0.025286 0.069954
0 0.597922 0.575213 0.032260 0.088444
0 0.576542 0.504745 0.051417 0.071491
0 0.476964 0.580542 0.026396 0.077694
0 0.530273 0.609088 0.052651 0.041454
0 0.459424 0.650019 0.048099 0.040481
0 0.452357 0.717208 0.048099 0.046417
0 0.487039 0.715843 0.021411 0.062074
0 0.533383 0.716884 0.025224 0.086065
0 0.599026 0.730403 0.036813 0.058657
0 0.647320 0.645685 0.027828 0.090500
0 0.669971 0.625171 0.018839 0.075417
0 0.683698 0.570241 0.028854 0.084000
0 0.713797 0.539551 0.034531 0.082380
0 0.724805 0.425032 0.025526 0.082028
0 0.707036 0.446838 0.024146 0.087250
0 0.673857 0.433931 0.043786 0.079583
0 0.698260 0.354005 0.027094 0.075046
0 0.709813 0.308120 0.038687 0.073611
0 0.684021 0.264685 0.031562 0.047056
0 0.672000 0.203718 0.047958 0.064139
0 0.626914 0.134218 0.039109 0.061546
0 0.623573 0.171417 0.052365 0.055704
