0 0.518927 0.109227 0.047500 0.049843
0 0.524219 0.174565 0.022427 0.075222
0 0.589010 0.171819 0.042104 0.095306
0 0.605596 0.178782 0.037578 0.086602
0 0.641078 0.208310 0.047969 0.072806
0 0.595576 0.244546 0.042276 0.048870
0 0.545714 0.208144 0.025594 0.076509
0 0.561734 0.244037 0.023510 0.077519
0 0.601737 0.283134 0.052703 0.064713
0 0.645664 0.282968 0.041589 0.079213
0 0.676932 0.316505 0.024969 0.087917
0 0.666612 0.385806 0.033141 0.085852
0 0.605487 0.367634 0.039036 0.063380
0 0.648951 0.420931 0.020193 0.086602
0 0.692523 0.423764 0.018974 0.082898
0 0.665964 0.491671 0.038344 0.065546
0 0.615904 0.455111 0.042443 0.036704
0 0.688089 0.536269 0.015240 0.085352
0 0.670799 0.554477 0.030151 0.090306
0 0.631310 0.542093 0.029495 0.092926
0 0.600422 0.515875 0.035885 0.091769
0 0.586456 0.571824 0.024651 0.084944
0 0.644284 0.629463 0.040953 0.041796
0 0.597242 0.657806 0.041141 0.079889
0 0.609664 0.680560 0.040953 0.076176
0 0.604203 0.728116 0.047094 0.050620
0 0.523883 0.671139 0.032286 0.092648
0 0.505542 0.685111 0.030167 0.093907
0 0.524872 0.762329 0.048714 0.041343
0 0.522982 0.599745 0.046286 0.068639
0 0.530404 0.433269 0.023745 0.095093
0 0.500781 0.444912 0.021052 0.084435
0 0.473932 0.433815 0.023365 0.083593
0 0.496510 0.368861 0.053490 0.051352
0 0.566794 0.369273 0.020932 0.091398
0 0.541599 0.322444 0.023062 0.077111
0 0.519964 0.310787 0.024437 0.079741
0 0.495742 0.302769 0.022516 0.093907
0 0.472018 0.587130 0.040474 0.085352
0 0.482094 0.626023 0.039000 0.085065
0 0.483799 0.742981 0.030641 0.078074
0 0.444802 0.749829 0.052271 0.045731
0 0.442753 0.690111 0.055057 0.048648
0 0.405062 0.675250 0.022615 0.086519
0 0.431659 0.602255 0.038943 0.092157
0 0.443344 0.535255 0.034271 0.091898
0 0.457362 0.481130 0.024641 0.085352
0 0.439023 0.378454 0.052682 0.055889
0 0.424435 0.438625 0.053536 0.057398
0 0.419734 0.484222 0.051833 0.060685
0 0.401479 0.548676 0.055229 0.053630
0 0.379419 0.636014 0.043255 0.077194
0 0.358919 0.553167 0.024724 0.092259
0 0.333336 0.524551 0.024234 0.084213
0 0.373862 0.431454 0.054807 0.067222
0 0.343909 0.448569 0.037391 0.094417
0 0.317284 0.435731 0.028891 0.093407
0 0.372667 0.393060 0.040312 0.062917
0 0.349073 0.370338 0.046208 0.065250
0 0.344729 0.332611 0.055875 0.048648
0 0.432948 0.327745 0.051979 0.058657
0 0.374143 0.297093 0.044922 0.062444
0 0.342357 0.259227 0.038432 0.071806
0 0.418247 0.268046 0.051651 0.062019
0 0.454714 0.296676 0.052542 0.048093
0 0.394839 0.229343 0.048177 0.076037
0 0.386974 0.202394 0.049812 0.053602
0 0.376076 0.192199 0.053911 0.062917
0 0.479570 0.223736 0.042911 0.062435
0 0.460591 0.192694 0.049141 0.054130
0 0.443180 0.156343 0.050307 0.076611
0 0.483914 0.130968 0.038505 0.096139
