0 0.515911 0.129269 0.052542 0.045574
0 0.473138 0.136574 0.045745 0.059667
0 0.455721 0.159356 0.044609 0.088120
0 0.498677 0.196880 0.047604 0.083278
0 0.535862 0.194241 0.046505 0.063963
0 0.555685 0.214042 0.041370 0.058657
0 0.589063 0.254426 0.027917 0.091593
0 0.620914 0.275407 0.039849 0.074000
0 0.546169 0.269542 0.050255 0.073102
0 0.496802 0.260065 0.046448 0.050537
0 0.439362 0.238074 0.050234 0.078389
0 0.431685 0.170606 0.042776 0.079954
0 0.373661 0.149157 0.052646 0.054204
0 0.398997 0.211361 0.026984 0.098278
0 0.437792 0.291060 0.049146 0.078306
0 0.464557 0.314727 0.043479 0.074269
0 0.490828 0.320773 0.047021 0.081824
0 0.502500 0.357806 0.045490 0.060370
0 0.548849 0.310278 0.052510 0.077037
0 0.568305 0.326292 0.050797 0.080991
0 0.613120 0.345375 0.047031 0.063213
0 0.562120 0.381273 0.047302 0.073009
0 0.614521 0.392977 0.046167 0.068231
0 0.617779 0.439380 0.052964 0.062944
0 0.561839 0.452347 0.051833 0.066713
0 0.486422 0.437269 0.029458 0.095426
0 0.461284 0.459120 0.022234 0.087370
0 0.434094 0.460509 0.021948 0.086611
0 0.440083 0.368560 0.046594 0.083843
0 0.405812 0.368056 0.045458 0.070241
0 0.393391 0.411009 0.046875 0.066722
0 0.379924 0.323968 0.047016 0.073269
0 0.366898 0.287431 0.046391 0.076380
0 0.358320 0.206134 0.053245 0.054398
0 0.339406 0.227782 0.055083 0.052009
0 0.309523 0.277644 0.049286 0.056898
0 0.311419 0.331972 0.054807 0.045574
0 0.322010 0.375759 0.046260 0.039093
0 0.340021 0.413676 0.047021 0.038093
0 0.288169 0.411657 0.048349 0.087296
0 0.386779 0.489310 0.029172 0.084843
0 0.363552 0.489056 0.027760 0.084852
0 0.340536 0.494343 0.029031 0.087870
0 0.324331 0.525940 0.026922 0.087620
0 0.308586 0.578630 0.025339 0.093574
0 0.282026 0.545440 0.026562 0.088565
0 0.410076 0.561745 0.050557 0.074269
0 0.332648 0.627532 0.049286 0.086102
0 0.343555 0.659884 0.046734 0.086861
0 0.351664 0.705468 0.033370 0.076509
0 0.404750 0.694005 0.023885 0.084602
0 0.376026 0.740014 0.035833 0.092361
0 0.457565 0.638954 0.032932 0.080111
0 0.444456 0.722620 0.041453 0.091185
0 0.472313 0.731505 0.041125 0.093213
0 0.436984 0.797782 0.051552 0.052120
0 0.491141 0.643218 0.034979 0.093157
0 0.510641 0.690912 0.036708 0.095287
0 0.527599 0.758509 0.048667 0.059722
0 0.549133 0.689148 0.050141 0.064963
0 0.594831 0.666074 0.039818 0.083611
0 0.495526 0.576407 0.049865 0.054944
0 0.507852 0.549273 0.049484 0.064713
0 0.560180 0.566630 0.026734 0.090667
0 0.602284 0.597972 0.047161 0.038519
0 0.645016 0.538671 0.019521 0.088528
