0 0.415471 0.097569 0.048870 0.052694
0 0.428992 0.157333 0.049880 0.081741
0 0.474823 0.133815 0.044969 0.068630
0 0.498607 0.128801 0.041932 0.067861
0 0.536964 0.135657 0.050688 0.050259
0 0.441193 0.186963 0.048177 0.076130
0 0.515383 0.208074 0.049016 0.045796
0 0.461049 0.217269 0.050516 0.071074
0 0.470167 0.251468 0.051021 0.069880
0 0.524284 0.242843 0.048516 0.049074
0 0.565102 0.226338 0.038474 0.088620
0 0.542938 0.276301 0.053031 0.054120
0 0.494589 0.295481 0.048010 0.053241
0 0.587750 0.217236 0.042323 0.075546
0 0.614833 0.304106 0.036302 0.081787
0 0.599195 0.329829 0.035130 0.088028
0 0.578451 0.333403 0.036807 0.088620
0 0.560133 0.344551 0.032620 0.088324
0 0.539883 0.353477 0.028922 0.091898
0 0.489714 0.355741 0.039323 0.094074
0 0.509523 0.377588 0.034411 0.090991
0 0.625693 0.417347 0.021490 0.086417
0 0.600391 0.420569 0.029615 0.089750
0 0.581646 0.431120 0.028865 0.097519
0 0.540378 0.427620 0.046411 0.049389
0 0.533768 0.488088 0.035464 0.096028
0 0.553927 0.498931 0.034625 0.092787
0 0.588219 0.515435 0.053698 0.038370
0 0.582482 0.551690 0.054203 0.037769
0 0.570854 0.588269 0.053365 0.039556
0 0.565138 0.624324 0.050109 0.037537
0 0.504906 0.568454 0.040115 0.088407
0 0.525714 0.580227 0.042490 0.091083
0 0.524057 0.647921 0.052594 0.057213
0 0.510419 0.678551 0.054734 0.055324
0 0.479753 0.719671 0.054359 0.055269
0 0.437461 0.718644 0.021255 0.082509
0 0.472844 0.644801 0.038312 0.096954
0 0.458971 0.614028 0.036276 0.090111
0 0.438099 0.586815 0.041490 0.089222
0 0.473979 0.538486 0.053031 0.065731
0 0.476479 0.499917 0.053708 0.065426
0 0.494849 0.472972 0.055479 0.065093
0 0.503057 0.442537 0.052104 0.058426
0 0.399055 0.739667 0.049984 0.053981
0 0.401641 0.655403 0.054354 0.041769
0 0.352844 0.673065 0.023990 0.093963
0 0.328479 0.659514 0.029240 0.089083
0 0.392268 0.587139 0.051484 0.063315
0 0.407576 0.551815 0.051859 0.061537
0 0.440042 0.498097 0.028740 0.092194
0 0.395992 0.473352 0.024995 0.094407
0 0.414799 0.487458 0.025620 0.094194
0 0.447935 0.430259 0.052859 0.060074
0 0.449023 0.394130 0.051693 0.055019
0 0.396745 0.395616 0.053531 0.047287
0 0.397362 0.355338 0.050516 0.052991
0 0.439458 0.340023 0.048385 0.066417
0 0.456232 0.318144 0.047672 0.079102
0 0.350344 0.535819 0.036865 0.088194
0 0.319482 0.534708 0.043859 0.090861
0 0.285898 0.567120 0.043953 0.064259
0 0.283799 0.619690 0.049880 0.084565
0 0.258719 0.489773 0.037135 0.091306
0 0.276534 0.470588 0.032953 0.092787
0 0.315510 0.444718 0.027604 0.088028
0 0.334747 0.434157 0.029609 0.095463
0 0.363018 0.480255 0.029276 0.094269
0 0.343570 0.368894 0.050130 0.054361
0 0.294023 0.376639 0.026516 0.091185
0 0.263536 0.396421 0.031740 0.087398
0 0.311010 0.281537 0.044792 0.043000
0 0.308096 0.241324 0.055536 0.054148
0 0.323773 0.206889 0.046130 0.045778
0 0.368786 0.202310 0.043000 0.068472
0 0.389951 0.266606 0.052182 0.038620
0 0.383792 0.301843 0.053302 0.043000
0 0.414547 0.229301 0.044677 0.074028
0 0.367315 0.119824 0.050234 0.051537
