0 0.625185 0.254278 0.028880 0.073093
0 0.636229 0.294148 0.038740 0.087593
0 0.655089 0.332806 0.021406 0.077926
0 0.663898 0.406926 0.023432 0.077778
0 0.630227 0.382019 0.031464 0.081574
0 0.617938 0.431537 0.033427 0.083315
0 0.604630 0.222565 0.039417 0.089407
0 0.672193 0.493648 0.021792 0.083315
0 0.641221 0.490736 0.033266 0.078065
0 0.648547 0.567606 0.025615 0.078806
0 0.636651 0.600093 0.027604 0.077296
0 0.598849 0.511671 0.035375 0.085731
0 0.579185 0.555380 0.034411 0.089722
0 0.559685 0.567611 0.026547 0.080981
0 0.563737 0.629421 0.041214 0.054880
0 0.621026 0.636468 0.040094 0.089898
0 0.595617 0.678565 0.040078 0.088370
0 0.581734 0.703870 0.030448 0.063944
0 0.534346 0.720051 0.051776 0.046787
0 0.554172 0.747792 0.044677 0.063972
0 0.506615 0.696852 0.048563 0.070148
0 0.495346 0.767222 0.049328 0.042648
0 0.463523 0.739588 0.030724 0.063972
0 0.435310 0.729685 0.031578 0.066370
0 0.411258 0.712824 0.032922 0.062667
0 0.387096 0.682968 0.039047 0.056361
0 0.466552 0.600472 0.039146 0.074852
0 0.496807 0.622940 0.027719 0.086324
0 0.526333 0.611444 0.026771 0.074278
0 0.585461 0.313694 0.050839 0.076796
