0 0.555224 0.630421 0.050167 0.047769
0 0.565862 0.685958 0.047255 0.042602
0 0.507391 0.686519 0.047031 0.052556
0 0.455544 0.726931 0.049047 0.033843
0 0.458344 0.694083 0.046135 0.032648
0 0.455880 0.648495 0.044792 0.065694
0 0.397919 0.690218 0.049589 0.043694
0 0.409557 0.643051 0.029208 0.061435
0 0.373224 0.634810 0.035240 0.066861
0 0.398990 0.392546 0.035281 0.087648
0 0.669979 0.453153 0.021688 0.090472
0 0.634268 0.450583 0.051182 0.052944
0 0.657760 0.363421 0.034083 0.073639
0 0.648266 0.282731 0.048385 0.065722
0 0.503919 0.725935 0.046807 0.037426
