0 0.434724 0.110736 0.050240 0.042806
0 0.469987 0.127921 0.044932 0.075843
0 0.497573 0.144773 0.040573 0.098083
0 0.410552 0.171736 0.053083 0.054269
0 0.452927 0.196005 0.051000 0.040787
0 0.526167 0.143796 0.023698 0.072463
0 0.557448 0.142787 0.040760 0.061685
0 0.540573 0.171773 0.020667 0.058991
0 0.555263 0.206824 0.027286 0.095389
0 0.629703 0.251991 0.032802 0.097074
0 0.591214 0.272889 0.030146 0.076852
0 0.643484 0.311056 0.019500 0.088852
0 0.611612 0.330569 0.044901 0.071954
0 0.611823 0.410778 0.023698 0.088981
0 0.637893 0.444653 0.026161 0.088639
0 0.656758 0.421903 0.025214 0.078194
0 0.585547 0.377208 0.019719 0.090324
0 0.564312 0.404005 0.024271 0.092009
0 0.537484 0.427769 0.023323 0.088981
0 0.514070 0.450852 0.024266 0.090667
0 0.603552 0.473343 0.040146 0.041074
0 0.639354 0.506991 0.037687 0.041944
0 0.639320 0.581801 0.040307 0.085935
0 0.604745 0.558347 0.030479 0.076324
0 0.588852 0.596801 0.045557 0.085639
0 0.602443 0.665227 0.045458 0.075028
0 0.540383 0.507208 0.055516 0.053120
0 0.552560 0.541449 0.046453 0.047083
0 0.538823 0.584880 0.053250 0.047333
0 0.551523 0.617426 0.047026 0.052148
0 0.567820 0.676718 0.028630 0.091343
0 0.548195 0.693065 0.029953 0.093704
0 0.528857 0.709745 0.027682 0.091343
0 0.503547 0.687500 0.023698 0.093370
0 0.472690 0.746417 0.020974 0.063796
0 0.443276 0.692380 0.040146 0.079815
0 0.437049 0.765792 0.049974 0.053602
0 0.398872 0.719889 0.035453 0.082241
0 0.371951 0.709106 0.032422 0.078194
0 0.349862 0.666972 0.045880 0.075500
0 0.432164 0.625486 0.044932 0.081231
0 0.382302 0.603407 0.051760 0.043148
0 0.331776 0.595144 0.033750 0.098083
0 0.307599 0.600505 0.036542 0.085935
0 0.326951 0.515352 0.046370 0.074278
0 0.384714 0.499769 0.045552 0.090889
0 0.400687 0.535889 0.039490 0.092630
0 0.350872 0.467431 0.048339 0.073417
0 0.440312 0.566602 0.053531 0.053130
0 0.477047 0.585588 0.037813 0.088880
0 0.500062 0.580676 0.033427 0.091648
0 0.473641 0.484968 0.044240 0.086528
0 0.435870 0.481616 0.030646 0.092639
0 0.447750 0.408352 0.053094 0.048648
0 0.281313 0.455796 0.025917 0.093667
0 0.374044 0.400662 0.052766 0.066120
0 0.426070 0.364102 0.053911 0.057685
0 0.347828 0.368616 0.054729 0.070787
0 0.306206 0.356676 0.044245 0.066130
0 0.308320 0.281593 0.040786 0.082833
0 0.437677 0.302620 0.052823 0.055389
0 0.432253 0.254630 0.051693 0.063444
0 0.405557 0.237634 0.050417 0.079806
0 0.484187 0.239046 0.052260 0.052870
0 0.509474 0.273116 0.047740 0.051139
0 0.491680 0.366458 0.022182 0.089991
0 0.515945 0.335954 0.022182 0.085611
0 0.540784 0.324324 0.027870 0.096056
