0 0.555198 0.031810 0.052542 0.043806
0 0.513062 0.054722 0.043906 0.064963
0 0.606924 0.101282 0.026057 0.096713
0 0.587802 0.145245 0.038677 0.094380
0 0.635674 0.132944 0.034318 0.075833
0 0.559924 0.190375 0.047380 0.049139
0 0.595352 0.252662 0.030057 0.094769
0 0.622224 0.235694 0.030708 0.078778
0 0.644271 0.245833 0.023031 0.092815
0 0.664779 0.216667 0.022943 0.092019
0 0.690846 0.269250 0.036401 0.082574
0 0.680565 0.313764 0.024089 0.092935
0 0.702299 0.342870 0.021672 0.071296
0 0.664115 0.366944 0.021542 0.080519
0 0.681987 0.402412 0.023255 0.084435
0 0.698818 0.424694 0.034740 0.091759
0 0.641648 0.450477 0.029495 0.087102
0 0.658443 0.506699 0.033594 0.083028
0 0.680435 0.518556 0.032443 0.086519
0 0.641961 0.597588 0.039328 0.038157
0 0.616117 0.653778 0.050630 0.059426
0 0.586294 0.608333 0.043422 0.089722
0 0.576872 0.653491 0.031786 0.081574
0 0.554917 0.670972 0.031792 0.074574
0 0.527633 0.670532 0.042766 0.092935
0 0.452849 0.658889 0.036208 0.078870
0 0.535276 0.571995 0.049083 0.079546
0 0.611505 0.553134 0.052115 0.071250
0 0.608151 0.491181 0.042385 0.087991
0 0.559878 0.431704 0.043453 0.071593
0 0.577260 0.410269 0.052021 0.070500
0 0.613516 0.374796 0.051406 0.065500
0 0.637305 0.324079 0.052432 0.078361
0 0.572005 0.329468 0.033917 0.089139
0 0.543414 0.309801 0.029495 0.084769
0 0.344844 0.254407 0.025490 0.094667
0 0.397810 0.239796 0.049005 0.073519
0 0.391495 0.179630 0.046031 0.068481
0 0.399367 0.130759 0.048151 0.065463
0 0.431234 0.098278 0.046167 0.058407
0 0.457560 0.167944 0.053109 0.043556
0 0.491763 0.223236 0.050130 0.066472
