0 0.540802 0.157750 0.048729 0.045833
0 0.481555 0.165167 0.043609 0.053926
0 0.464471 0.227315 0.041068 0.096426
0 0.544094 0.257148 0.051552 0.080815
0 0.595292 0.231972 0.045177 0.075278
0 0.645289 0.241759 0.053245 0.069852
0 0.575320 0.290829 0.050172 0.084213
0 0.618771 0.287995 0.043562 0.042435
0 0.669602 0.317639 0.033099 0.085056
0 0.671872 0.380417 0.043776 0.045315
0 0.637326 0.395477 0.028630 0.082583
0 0.622063 0.447384 0.022750 0.089324
0 0.669174 0.444181 0.036214 0.070787
0 0.690789 0.447718 0.043797 0.073139
0 0.667901 0.510028 0.045885 0.080315
0 0.701708 0.539903 0.027302 0.082917
0 0.622458 0.576981 0.027302 0.090333
0 0.650141 0.570241 0.039813 0.088315
0 0.685878 0.600236 0.040005 0.087639
0 0.672682 0.672435 0.020479 0.076852
0 0.626518 0.644630 0.055932 0.048870
0 0.655240 0.712542 0.026542 0.079546
0 0.630974 0.721306 0.039438 0.085611
0 0.583669 0.723500 0.054411 0.056963
0 0.602818 0.759227 0.043042 0.069102
0 0.605482 0.796144 0.052599 0.051269
0 0.555260 0.816245 0.024250 0.065843
0 0.517503 0.756431 0.025974 0.079546
0 0.493232 0.785250 0.024839 0.098759
0 0.447221 0.799093 0.051266 0.073519
0 0.472219 0.738287 0.021104 0.077296
0 0.498617 0.688977 0.026807 0.084861
0 0.549534 0.694616 0.040839 0.084065
0 0.578971 0.635694 0.036703 0.095259
0 0.544888 0.600296 0.038016 0.093222
0 0.585805 0.535597 0.045391 0.041361
0 0.532141 0.521759 0.029167 0.093519
0 0.558635 0.476694 0.042438 0.085352
0 0.596979 0.470287 0.027042 0.091759
0 0.515781 0.417403 0.051552 0.084602
0 0.457844 0.462884 0.042354 0.091398
0 0.406539 0.514597 0.047818 0.078046
0 0.372065 0.591375 0.054036 0.073472
0 0.363612 0.533653 0.053214 0.075102
0 0.379661 0.475185 0.048823 0.065019
0 0.410419 0.398556 0.050776 0.081241
0 0.449568 0.384259 0.042115 0.078944
0 0.380583 0.374940 0.035229 0.093509
0 0.365245 0.296838 0.035562 0.080694
0 0.394083 0.270620 0.030313 0.088259
0 0.522641 0.312722 0.052542 0.064519
0 0.590685 0.362528 0.043589 0.074574
