0 0.470211 0.067269 0.048578 0.043185
0 0.499229 0.108861 0.030771 0.101852
0 0.519456 0.114537 0.031359 0.100815
0 0.540747 0.104727 0.027484 0.078454
0 0.577896 0.100681 0.051906 0.052176
0 0.573339 0.150162 0.054073 0.053972
0 0.559547 0.209389 0.042490 0.084463
0 0.590328 0.227079 0.034792 0.097250
0 0.624409 0.253333 0.040339 0.085333
0 0.641396 0.240111 0.031229 0.088704
0 0.666698 0.220704 0.045688 0.079704
0 0.653901 0.307231 0.053208 0.076852
0 0.598742 0.316616 0.048432 0.068880
0 0.696060 0.372032 0.023422 0.086880
0 0.639891 0.366250 0.055375 0.065537
0 0.648641 0.402106 0.046844 0.065287
0 0.597544 0.384551 0.040193 0.083787
0 0.591039 0.426731 0.043807 0.086111
0 0.629711 0.464412 0.051182 0.076139
0 0.680240 0.458931 0.032115 0.082639
0 0.668273 0.507468 0.044391 0.075565
0 0.657526 0.570278 0.023583 0.088630
0 0.620305 0.566111 0.026432 0.093981
0 0.597471 0.589014 0.025599 0.086250
0 0.571625 0.565519 0.028104 0.093389
0 0.547956 0.548718 0.027266 0.091306
0 0.572979 0.448787 0.044677 0.080963
0 0.549484 0.486185 0.050312 0.045241
0 0.545797 0.342144 0.043375 0.079935
0 0.534969 0.385065 0.044969 0.086370
0 0.524284 0.437222 0.052026 0.050556
0 0.611102 0.652463 0.047807 0.047481
0 0.583339 0.707176 0.049917 0.058500
0 0.558167 0.672421 0.051490 0.066750
0 0.516706 0.732523 0.052339 0.046528
0 0.504924 0.691657 0.050745 0.044463
0 0.523312 0.607421 0.030240 0.088861
0 0.496510 0.616083 0.033865 0.092852
0 0.510885 0.525551 0.021917 0.092194
0 0.462805 0.650338 0.048682 0.077917
0 0.418961 0.655333 0.051359 0.041037
0 0.460682 0.724556 0.053062 0.051926
0 0.482758 0.575389 0.031547 0.092222
0 0.461370 0.555088 0.033292 0.091528
0 0.464044 0.486023 0.053703 0.068694
0 0.472380 0.454361 0.046865 0.061093
0 0.413693 0.586685 0.043813 0.064519
0 0.369477 0.588000 0.038859 0.056648
0 0.411536 0.519671 0.037490 0.075528
0 0.395867 0.540264 0.037609 0.072194
0 0.427883 0.464843 0.035359 0.078426
0 0.386521 0.474505 0.035365 0.077750
0 0.359693 0.523079 0.036802 0.086546
0 0.340703 0.526944 0.036302 0.084167
0 0.344198 0.462153 0.034990 0.042657
0 0.487518 0.401773 0.044964 0.063231
0 0.509609 0.324329 0.039469 0.084046
0 0.477656 0.337565 0.033979 0.084315
0 0.445633 0.356583 0.040193 0.085333
0 0.409833 0.378509 0.048865 0.076593
0 0.398482 0.346250 0.045255 0.081481
0 0.357060 0.407889 0.055661 0.047037
0 0.330458 0.372676 0.044385 0.076333
0 0.363352 0.298977 0.046005 0.046083
0 0.401828 0.278301 0.042615 0.041102
0 0.449687 0.288542 0.030365 0.093083
0 0.465034 0.247782 0.023859 0.081991
0 0.496771 0.252667 0.023708 0.095870
0 0.324427 0.207889 0.054365 0.074537
0 0.378128 0.249097 0.037880 0.075824
0 0.382911 0.183806 0.049010 0.039074
0 0.410383 0.220051 0.029349 0.067343
0 0.432286 0.202444 0.040771 0.080963
0 0.466352 0.177861 0.046224 0.043204
