0 0.646026 0.283431 0.028740 0.087361
0 0.659628 0.261588 0.030932 0.087361
0 0.701755 0.411088 0.029698 0.085287
0 0.501224 0.233472 0.029833 0.068630
0 0.441336 0.213583 0.043870 0.056944
0 0.435523 0.252190 0.045849 0.057713
0 0.394063 0.213389 0.039708 0.076833
0 0.476104 0.210269 0.023031 0.063574
0 0.514604 0.167176 0.023250 0.091259
0 0.439141 0.174782 0.044750 0.069028
0 0.387867 0.275324 0.046693 0.060037
0 0.355563 0.287852 0.039646 0.065259
0 0.375430 0.353060 0.038578 0.083472
0 0.320984 0.427963 0.023604 0.089796
0 0.586779 0.171806 0.052286 0.046019
