0 0.416060 0.637046 0.049745 0.042667
0 0.530797 0.281296 0.045875 0.083685
0 0.571081 0.197829 0.042234 0.087065
0 0.531484 0.205519 0.033646 0.094963
0 0.567562 0.129796 0.021990 0.067759
0 0.550005 0.101028 0.025615 0.071537
0 0.317922 0.149907 0.045396 0.072741
0 0.357625 0.079736 0.041781 0.084306
0 0.446448 0.667500 0.035031 0.069852
0 0.469964 0.661139 0.034844 0.092907
0 0.505190 0.689523 0.052651 0.038194
0 0.517771 0.626898 0.052260 0.060222
0 0.576362 0.622384 0.041057 0.073250
0 0.584951 0.541523 0.022120 0.080194
0 0.611263 0.556815 0.033109 0.072222
0 0.610406 0.511833 0.030969 0.073630
0 0.603083 0.247676 0.046125 0.067722
0 0.595570 0.284296 0.050786 0.064500
0 0.643375 0.300185 0.032906 0.081537
0 0.614612 0.351088 0.048453 0.057120
0 0.648297 0.399597 0.020990 0.082454
0 0.594016 0.406736 0.031094 0.082917
0 0.564344 0.441750 0.029281 0.088444
0 0.576784 0.337963 0.023578 0.081537
0 0.528849 0.498102 0.045000 0.060074
0 0.513612 0.549097 0.045099 0.037509
0 0.476701 0.582718 0.037161 0.070194
0 0.541154 0.592005 0.044516 0.040602
0 0.401445 0.665606 0.050328 0.040602
