0 0.492802 0.135667 0.051875 0.056426
0 0.524062 0.166292 0.044708 0.090157
0 0.458737 0.171625 0.030193 0.092565
0 0.412284 0.176097 0.047224 0.077417
0 0.489773 0.208972 0.022745 0.097296
0 0.525888 0.215190 0.046234 0.085306
0 0.570005 0.187500 0.043448 0.091574
0 0.593185 0.202829 0.039641 0.088787
0 0.534510 0.253986 0.047698 0.088380
0 0.559143 0.268319 0.045464 0.084398
0 0.612557 0.258167 0.031802 0.084000
0 0.599120 0.286037 0.043896 0.073648
0 0.644805 0.234083 0.035380 0.084407
0 0.458815 0.243042 0.043224 0.084009
0 0.404844 0.235875 0.046354 0.081620
0 0.435076 0.277676 0.038745 0.090370
0 0.505229 0.304630 0.044229 0.082963
0 0.559570 0.320319 0.052401 0.054546
0 0.600888 0.345796 0.041432 0.041796
0 0.651612 0.323898 0.046130 0.078426
0 0.661466 0.384412 0.050609 0.055343
0 0.681750 0.343120 0.037833 0.083833
0 0.539495 0.365694 0.046125 0.037778
0 0.494021 0.333912 0.045865 0.079231
0 0.471089 0.348190 0.046125 0.064491
0 0.437534 0.344963 0.046380 0.069093
0 0.475753 0.400009 0.051307 0.052056
0 0.536643 0.402773 0.048714 0.039157
0 0.608422 0.390338 0.041458 0.035472
0 0.578492 0.426269 0.052599 0.042833
0 0.671773 0.454597 0.028245 0.080157
0 0.524854 0.446009 0.052083 0.047574
0 0.363878 0.288477 0.021870 0.082583
0 0.403073 0.305509 0.035615 0.082926
0 0.407328 0.372782 0.052260 0.058491
0 0.354971 0.357468 0.054776 0.054713
0 0.347521 0.402546 0.054198 0.040259
0 0.440273 0.443870 0.042776 0.078111
0 0.409302 0.442495 0.048198 0.085676
0 0.349302 0.438542 0.055552 0.039917
0 0.391883 0.486370 0.045870 0.087407
0 0.472596 0.480176 0.024193 0.094278
0 0.508599 0.488264 0.048969 0.051954
0 0.446997 0.528968 0.051693 0.073454
0 0.425836 0.571495 0.050182 0.077620
0 0.383846 0.551421 0.035464 0.087435
0 0.341943 0.496403 0.041990 0.071972
0 0.362555 0.582005 0.039234 0.088194
0 0.342122 0.582005 0.029120 0.089083
0 0.400542 0.618440 0.045240 0.089083
0 0.438070 0.645644 0.051036 0.076083
0 0.417422 0.688023 0.047135 0.070454
0 0.432315 0.743153 0.052047 0.060898
0 0.503471 0.558324 0.052026 0.055907
0 0.523164 0.623060 0.049016 0.072565
0 0.487362 0.674662 0.049016 0.069287
0 0.508669 0.739644 0.050026 0.065806
0 0.486909 0.780384 0.048432 0.037269
0 0.557839 0.794611 0.047229 0.050926
0 0.579419 0.739556 0.044714 0.064000
0 0.604484 0.762440 0.047229 0.047824
0 0.594438 0.536157 0.044906 0.056778
0 0.601464 0.483306 0.051292 0.052296
0 0.678964 0.592009 0.019937 0.070889
0 0.662414 0.628134 0.022839 0.069509
0 0.696607 0.487856 0.026620 0.079306
