0 0.548385 0.752769 0.047573 0.046463
0 0.505297 0.710208 0.025563 0.055639
0 0.479885 0.707319 0.024271 0.090676
0 0.451828 0.758213 0.040573 0.058315
0 0.450518 0.688505 0.022609 0.074287
0 0.425398 0.710241 0.029318 0.087370
0 0.428961 0.600676 0.042849 0.057296
0 0.400370 0.666199 0.046635 0.062361
0 0.384161 0.681028 0.035833 0.079204
0 0.353352 0.611764 0.040193 0.072806
0 0.370143 0.544977 0.047026 0.064083
0 0.329344 0.534343 0.023760 0.085352
0 0.417799 0.517421 0.027422 0.090472
0 0.397068 0.521708 0.028083 0.088917
0 0.368440 0.471597 0.026984 0.084620
0 0.343982 0.467500 0.021495 0.087352
0 0.320508 0.445269 0.024130 0.079556
0 0.383729 0.407884 0.034521 0.089787
0 0.339185 0.368856 0.038328 0.036102
0 0.339057 0.304102 0.025885 0.089796
0 0.575992 0.739454 0.044047 0.042815
0 0.510945 0.775741 0.046693 0.043333
