0 0.401352 0.196875 0.050984 0.060676
0 0.327026 0.294903 0.045177 0.038806
0 0.335276 0.258574 0.049490 0.034741
0 0.379945 0.318588 0.035786 0.066324
0 0.411672 0.331671 0.038833 0.074454
0 0.424997 0.282042 0.052286 0.043769
0 0.447714 0.329417 0.050510 0.051889
0 0.295427 0.369806 0.023094 0.091148
0 0.336924 0.359875 0.054318 0.042417
0 0.317003 0.432296 0.034266 0.072648
0 0.324870 0.473356 0.036802 0.077157
0 0.290260 0.513120 0.030240 0.088796
0 0.496174 0.627204 0.034359 0.087704
0 0.544187 0.757722 0.022323 0.057426
0 0.574875 0.748065 0.043167 0.076741
0 0.502484 0.427042 0.053448 0.045417
0 0.497201 0.385014 0.047578 0.052213
0 0.587065 0.435394 0.037589 0.087194
0 0.606297 0.414509 0.036708 0.081963
0 0.627161 0.324593 0.039594 0.078963
0 0.638961 0.284880 0.026651 0.086185
0 0.531474 0.298194 0.045687 0.073093
0 0.528174 0.253296 0.046193 0.065426
0 0.534909 0.222060 0.046703 0.072250
0 0.540424 0.172097 0.044609 0.065713
0 0.514508 0.135972 0.046307 0.031722
0 0.467380 0.123542 0.042771 0.050398
0 0.496711 0.183694 0.029661 0.068167
0 0.468445 0.213699 0.044901 0.055935
0 0.405174 0.151681 0.037953 0.038769
