0 0.465310 0.137153 0.037589 0.088417
0 0.433354 0.129829 0.036146 0.060917
0 0.410151 0.137282 0.038312 0.094843
0 0.387596 0.157074 0.037443 0.098444
0 0.462573 0.201991 0.035490 0.058870
0 0.437646 0.232375 0.028771 0.096657
0 0.574180 0.212671 0.049161 0.068880
0 0.562987 0.288134 0.038516 0.081213
0 0.589310 0.301042 0.028839 0.089120
0 0.611180 0.292954 0.035807 0.079148
0 0.569820 0.359125 0.040984 0.035694
0 0.616807 0.397574 0.036740 0.069537
0 0.614763 0.445931 0.045828 0.074546
0 0.543341 0.413292 0.022120 0.082250
0 0.580208 0.468551 0.029063 0.087398
0 0.520255 0.453023 0.022031 0.085824
0 0.603211 0.522648 0.046984 0.067537
0 0.598594 0.562519 0.037250 0.050426
0 0.571156 0.579569 0.041146 0.050306
0 0.554102 0.612690 0.041901 0.050880
0 0.581424 0.649588 0.036828 0.090435
0 0.528789 0.681852 0.046391 0.046963
0 0.524328 0.733986 0.043125 0.066546
0 0.487974 0.746222 0.042448 0.080833
0 0.455682 0.752176 0.044604 0.081981
0 0.368128 0.652694 0.043776 0.069759
0 0.322643 0.649509 0.051432 0.034685
0 0.273271 0.626574 0.044167 0.077315
0 0.302529 0.567435 0.050495 0.063556
0 0.300182 0.538505 0.046552 0.060954
0 0.395346 0.519185 0.041203 0.047037
0 0.483628 0.460505 0.048578 0.054750
0 0.483151 0.362208 0.040615 0.078194
0 0.502271 0.386088 0.042865 0.077972
0 0.345974 0.381505 0.040990 0.093657
0 0.240333 0.453046 0.027271 0.080593
0 0.276133 0.455718 0.030276 0.073454
0 0.274961 0.403671 0.031953 0.072269
0 0.264505 0.368435 0.049854 0.054722
0 0.268320 0.338685 0.050609 0.046648
0 0.309719 0.292162 0.029375 0.081213
0 0.283326 0.244356 0.033047 0.091583
0 0.326141 0.177227 0.039490 0.084194
0 0.379073 0.246889 0.048917 0.042963
0 0.413852 0.304463 0.047609 0.065556
