0 0.377206 0.446616 0.026432 0.090843
0 0.373615 0.093819 0.036167 0.072694
0 0.378529 0.376398 0.043172 0.045426
0 0.345784 0.415815 0.037005 0.086667
0 0.327281 0.450532 0.022906 0.091361
0 0.294979 0.454972 0.021146 0.079352
0 0.376708 0.556116 0.051000 0.058306
0 0.336326 0.576681 0.046453 0.064380
0 0.371305 0.640380 0.035266 0.075833
0 0.409034 0.660944 0.033745 0.070444
0 0.459247 0.590727 0.032005 0.090639
0 0.453859 0.651102 0.044406 0.073704
0 0.451568 0.703102 0.042438 0.048944
0 0.499188 0.658481 0.033937 0.087296
0 0.535872 0.674995 0.039818 0.056287
0 0.291646 0.371292 0.024771 0.079676
0 0.307174 0.338440 0.053464 0.071287
0 0.326440 0.312227 0.029880 0.060806
0 0.331549 0.276588 0.033807 0.071991
0 0.301867 0.236750 0.038922 0.081778
0 0.373812 0.207741 0.049927 0.061500
0 0.347865 0.187824 0.033417 0.085963
0 0.332141 0.157069 0.041281 0.066398
