0 0.420839 0.093944 0.030896 0.051778
0 0.440852 0.145606 0.029370 0.055324
0 0.417891 0.163773 0.034021 0.068157
0 0.559070 0.175810 0.045578 0.038787
0 0.615229 0.195394 0.052490 0.048769
0 0.585133 0.245028 0.044984 0.053093
0 0.624305 0.256685 0.040859 0.057315
0 0.580607 0.304639 0.034453 0.076222
0 0.636901 0.309028 0.053229 0.050204
0 0.623201 0.356509 0.041484 0.038963
0 0.659669 0.384907 0.026432 0.086241
0 0.578534 0.373014 0.029443 0.083269
0 0.598826 0.415958 0.027266 0.085657
0 0.626177 0.420713 0.034458 0.084463
0 0.642823 0.475435 0.034292 0.073167
0 0.555130 0.521921 0.052865 0.041046
0 0.593539 0.615472 0.043953 0.053204
0 0.560935 0.625370 0.044672 0.057574
0 0.562091 0.687926 0.041318 0.063648
0 0.542432 0.672019 0.042156 0.060963
0 0.508591 0.607509 0.038641 0.091000
0 0.431513 0.715120 0.046547 0.061630
0 0.454841 0.646727 0.052776 0.054491
0 0.480250 0.528051 0.021708 0.079491
0 0.531859 0.399329 0.041781 0.080194
0 0.371490 0.675083 0.038865 0.041981
0 0.380151 0.611583 0.030281 0.080889
0 0.350396 0.622616 0.033688 0.079676
0 0.318443 0.592412 0.046698 0.081991
0 0.346419 0.559644 0.053495 0.072991
0 0.403745 0.553319 0.025594 0.083287
0 0.412638 0.492278 0.052630 0.038296
0 0.342154 0.501190 0.022557 0.082509
0 0.302177 0.511861 0.032531 0.070426
0 0.452023 0.433921 0.022370 0.096417
0 0.422221 0.400486 0.037484 0.081972
0 0.488794 0.362644 0.024516 0.086972
0 0.475193 0.301894 0.029406 0.082306
0 0.297112 0.402620 0.036359 0.041093
0 0.358438 0.267931 0.045792 0.047046
0 0.396292 0.237125 0.047417 0.043972
0 0.365344 0.180347 0.041927 0.095898
0 0.376693 0.137926 0.040917 0.095870
0 0.528753 0.266546 0.021974 0.079685
