0 0.457234 0.166829 0.047344 0.045806
0 0.504745 0.194366 0.049354 0.046102
0 0.482245 0.247898 0.032115 0.097852
0 0.516372 0.238829 0.048849 0.062454
0 0.442516 0.201954 0.047677 0.039852
0 0.444102 0.237773 0.049516 0.041306
0 0.521724 0.298519 0.044667 0.085648
0 0.549995 0.267884 0.022250 0.093972
0 0.568229 0.300449 0.023250 0.095472
0 0.601049 0.304093 0.042391 0.071222
0 0.612674 0.380148 0.046297 0.051778
0 0.563812 0.387532 0.052740 0.036676
0 0.614823 0.418565 0.048167 0.051611
0 0.579859 0.451843 0.022844 0.084556
0 0.557089 0.456981 0.022990 0.090222
0 0.536484 0.448370 0.022844 0.083796
0 0.513065 0.418042 0.029786 0.086361
0 0.518052 0.344171 0.042938 0.084824
0 0.469906 0.384912 0.049302 0.075824
0 0.472784 0.303583 0.035859 0.074796
0 0.450302 0.305130 0.035135 0.072741
0 0.383969 0.204000 0.044323 0.085333
0 0.384740 0.266630 0.048583 0.070889
0 0.396839 0.300694 0.044521 0.087407
0 0.337802 0.275579 0.037938 0.078454
0 0.429878 0.349625 0.039682 0.077769
0 0.323229 0.335000 0.056708 0.056778
0 0.385940 0.378528 0.038130 0.088093
0 0.426201 0.408634 0.046651 0.063657
0 0.285701 0.404981 0.034130 0.088926
0 0.308284 0.397694 0.034130 0.085056
0 0.329615 0.405579 0.031615 0.079398
0 0.357383 0.381491 0.033286 0.079407
0 0.274617 0.495014 0.023286 0.091972
0 0.299138 0.497602 0.027995 0.082019
0 0.355911 0.488245 0.044344 0.071269
0 0.385023 0.467944 0.050609 0.083204
0 0.404396 0.437486 0.045010 0.062102
0 0.336539 0.510144 0.040984 0.068083
0 0.334299 0.554935 0.040536 0.067685
0 0.387823 0.541000 0.045010 0.042204
0 0.438156 0.467032 0.050271 0.075546
0 0.474510 0.529824 0.054156 0.051593
0 0.459091 0.558616 0.054411 0.050213
0 0.514672 0.563449 0.050010 0.056194
0 0.580891 0.539708 0.054198 0.046454
0 0.632693 0.565014 0.049802 0.074361
0 0.596240 0.580685 0.054198 0.040944
0 0.547599 0.601741 0.047521 0.044741
0 0.610862 0.650912 0.047734 0.088417
0 0.645036 0.641810 0.020115 0.082194
0 0.483951 0.624731 0.050016 0.084463
0 0.457854 0.633204 0.049010 0.080593
0 0.529284 0.653431 0.049682 0.063935
0 0.363612 0.633875 0.046266 0.060398
0 0.294786 0.580181 0.042156 0.044602
0 0.303833 0.675861 0.042969 0.084648
0 0.332771 0.710792 0.021875 0.084306
0 0.360083 0.757278 0.024583 0.076741
0 0.379536 0.775856 0.023615 0.076731
0 0.419794 0.831949 0.052651 0.041639
