0 0.634901 0.287454 0.042135 0.074907
0 0.585281 0.225861 0.049490 0.064519
0 0.540232 0.264894 0.042641 0.089343
0 0.517641 0.240528 0.043146 0.055056
0 0.560464 0.194088 0.048917 0.064713
0 0.534930 0.144454 0.048432 0.042296
0 0.505117 0.180458 0.044609 0.036250
0 0.483125 0.136472 0.051125 0.043704
0 0.443919 0.171065 0.048724 0.074148
0 0.483354 0.234431 0.045312 0.076843
0 0.422401 0.186741 0.048156 0.070444
0 0.443732 0.242014 0.043797 0.066398
0 0.372490 0.229810 0.026219 0.077491
0 0.401984 0.278602 0.025563 0.094093
0 0.344422 0.267634 0.044313 0.060454
0 0.348148 0.319306 0.051328 0.040556
0 0.359667 0.352264 0.036198 0.042509
0 0.405951 0.371759 0.023911 0.090870
0 0.303576 0.407273 0.020141 0.085935
0 0.330539 0.418491 0.035391 0.083315
0 0.351844 0.418926 0.034083 0.081852
0 0.391112 0.415491 0.033641 0.091296
0 0.306937 0.514523 0.033177 0.079213
0 0.331680 0.530366 0.021234 0.082583
0 0.355362 0.531208 0.022714 0.084269
0 0.375719 0.560412 0.034271 0.086361
0 0.325044 0.643481 0.028057 0.090333
0 0.357331 0.709361 0.047359 0.067000
