0 0.527578 0.060685 0.051552 0.043556
0 0.483180 0.056782 0.048578 0.048843
0 0.607464 0.097495 0.051125 0.048935
0 0.566500 0.120653 0.052438 0.049231
0 0.650398 0.136384 0.048505 0.055065
0 0.619672 0.164694 0.047396 0.076852
0 0.578057 0.181718 0.027490 0.071787
0 0.609055 0.211884 0.036026 0.076176
0 0.661000 0.233569 0.025396 0.070787
0 0.687052 0.252625 0.022448 0.075120
0 0.692940 0.307556 0.037089 0.033074
0 0.696034 0.343301 0.041953 0.039324
0 0.689669 0.385028 0.042089 0.038759
0 0.640951 0.287361 0.022234 0.092407
0 0.617510 0.299069 0.025208 0.077046
0 0.581799 0.253852 0.042839 0.057444
0 0.579167 0.287801 0.044188 0.058750
0 0.601466 0.344222 0.053745 0.062630
0 0.553086 0.306120 0.044432 0.078611
0 0.528599 0.329130 0.047448 0.084093
0 0.563466 0.386106 0.026203 0.082083
0 0.520057 0.392653 0.051833 0.041287
0 0.591453 0.408259 0.033000 0.085352
0 0.626505 0.414431 0.051833 0.075028
0 0.641161 0.376667 0.030167 0.087111
0 0.674740 0.467519 0.048229 0.076167
0 0.626513 0.510171 0.056547 0.064417
0 0.579844 0.681954 0.044531 0.059667
0 0.446042 0.625954 0.046073 0.039778
0 0.394896 0.593546 0.035542 0.085019
0 0.364732 0.589255 0.046724 0.085009
0 0.378828 0.504602 0.049323 0.076315
0 0.344089 0.497028 0.041458 0.092630
0 0.356966 0.418935 0.038661 0.070500
0 0.326370 0.371273 0.028521 0.080954
0 0.370943 0.332000 0.052542 0.079556
0 0.342747 0.261403 0.038234 0.073269
0 0.378932 0.232829 0.052260 0.075028
0 0.435695 0.227764 0.048578 0.046324
0 0.388039 0.187606 0.043620 0.053120
0 0.407951 0.168722 0.051839 0.082333
0 0.431799 0.117690 0.048151 0.087120
0 0.493302 0.130755 0.021719 0.069417
0 0.469721 0.131139 0.021932 0.097500
0 0.530487 0.139653 0.039818 0.066731
