0 0.433031 0.075037 0.051271 0.043556
0 0.485292 0.090523 0.048719 0.050361
0 0.491565 0.130495 0.049818 0.053972
0 0.548448 0.129801 0.053490 0.054398
0 0.582721 0.190338 0.025234 0.094380
0 0.621758 0.236588 0.030339 0.088306
0 0.558909 0.208616 0.023318 0.081565
0 0.530375 0.184176 0.021990 0.083259
0 0.495299 0.192940 0.045120 0.087306
0 0.562961 0.286847 0.051943 0.075454
0 0.623260 0.313065 0.052271 0.055056
0 0.630799 0.346565 0.036214 0.049815
0 0.593323 0.353176 0.030875 0.090389
0 0.642500 0.403870 0.054729 0.063796
0 0.631932 0.439116 0.052271 0.057972
0 0.581216 0.397167 0.043589 0.080685
0 0.625320 0.472162 0.051828 0.061731
0 0.572253 0.441532 0.043911 0.081269
0 0.556086 0.488579 0.030297 0.088843
0 0.591471 0.511009 0.036870 0.082444
0 0.584682 0.584454 0.038667 0.086870
0 0.597003 0.610889 0.039797 0.088870
0 0.565378 0.644755 0.035828 0.079565
0 0.559635 0.689847 0.034083 0.076324
0 0.527846 0.673676 0.040964 0.086519
0 0.510641 0.694218 0.044240 0.090306
0 0.541359 0.572694 0.053812 0.045574
0 0.504240 0.621565 0.049708 0.070741
0 0.453711 0.618167 0.053109 0.053370
0 0.460435 0.672426 0.051266 0.062185
0 0.408818 0.742222 0.050469 0.056519
0 0.417206 0.670792 0.036703 0.085065
0 0.393365 0.657537 0.030646 0.096426
0 0.365180 0.667880 0.035557 0.093796
0 0.329615 0.657542 0.044719 0.079528
0 0.365932 0.575185 0.030969 0.097000
0 0.397805 0.542708 0.027203 0.092639
0 0.426807 0.562079 0.034740 0.098176
0 0.453763 0.529130 0.030641 0.094389
0 0.486091 0.563852 0.050797 0.073407
0 0.504362 0.514361 0.041130 0.075741
0 0.534596 0.509556 0.037036 0.087685
0 0.519083 0.446505 0.047021 0.083083
0 0.506883 0.414616 0.041901 0.083065
0 0.487469 0.383032 0.046948 0.089306
0 0.541323 0.358852 0.034438 0.092426
0 0.527305 0.288463 0.038297 0.080222
0 0.498104 0.274477 0.036781 0.077861
0 0.451560 0.267731 0.039245 0.095389
0 0.450612 0.354019 0.051005 0.039444
0 0.432523 0.390051 0.051568 0.036065
0 0.423615 0.428644 0.051187 0.040454
0 0.425604 0.466056 0.051760 0.044500
0 0.379096 0.432245 0.024266 0.094713
0 0.353599 0.450454 0.023698 0.094037
0 0.332536 0.553403 0.036802 0.091602
0 0.312865 0.503093 0.028938 0.093852
0 0.272635 0.477824 0.024115 0.091148
0 0.293534 0.583148 0.032422 0.094037
0 0.288370 0.420653 0.057365 0.069935
0 0.318956 0.384782 0.049495 0.079417
0 0.299203 0.311245 0.046833 0.081231
0 0.400263 0.311694 0.038839 0.088556
0 0.334448 0.207231 0.046833 0.040111
0 0.391326 0.216329 0.040766 0.098083
0 0.405167 0.187681 0.037354 0.078528
0 0.465781 0.212657 0.046260 0.091685
