0 0.486786 0.101694 0.052208 0.053426
0 0.564880 0.112032 0.044312 0.060843
0 0.543932 0.144403 0.054625 0.049139
0 0.485604 0.141167 0.048479 0.040167
0 0.542310 0.183477 0.053964 0.049139
0 0.518703 0.234528 0.030313 0.074870
0 0.480112 0.270505 0.049161 0.046028
0 0.513622 0.306917 0.052599 0.056519
0 0.564008 0.264681 0.050797 0.089139
0 0.589130 0.157796 0.037365 0.052148
0 0.604206 0.181389 0.035724 0.049815
0 0.621247 0.198144 0.033099 0.049528
0 0.639354 0.221449 0.033594 0.056509
0 0.665620 0.260046 0.050635 0.055352
0 0.656690 0.295005 0.038995 0.076324
0 0.581284 0.284995 0.047370 0.085731
0 0.601544 0.296204 0.045776 0.088130
0 0.634984 0.325125 0.025917 0.087361
0 0.671518 0.365523 0.050266 0.052343
0 0.598729 0.377065 0.051333 0.079167
0 0.653461 0.393444 0.054620 0.047963
0 0.605091 0.433028 0.051328 0.079556
0 0.653901 0.452134 0.033125 0.069417
0 0.556141 0.360657 0.023323 0.094037
0 0.625706 0.484556 0.042932 0.064963
0 0.712794 0.478907 0.024620 0.091593
0 0.686273 0.529671 0.023859 0.075806
0 0.670372 0.565194 0.045557 0.080111
0 0.661115 0.592287 0.045385 0.081852
0 0.651854 0.629903 0.029031 0.073769
0 0.351849 0.279917 0.030969 0.095204
0 0.399807 0.190926 0.026104 0.065130
