0 0.475542 0.101472 0.046740 0.040426
0 0.508307 0.136370 0.033240 0.093926
0 0.535422 0.136616 0.033490 0.085528
0 0.591169 0.149875 0.052401 0.056935
0 0.593070 0.223333 0.018141 0.093167
0 0.531263 0.199644 0.045911 0.052157
0 0.469789 0.140917 0.047922 0.045389
0 0.475164 0.186903 0.047026 0.049769
0 0.525104 0.230500 0.045687 0.051759
0 0.464414 0.218157 0.049714 0.045389
0 0.470909 0.253593 0.048370 0.043796
0 0.512651 0.280745 0.048823 0.052157
0 0.573792 0.251282 0.021948 0.083213
0 0.637839 0.253671 0.039865 0.061713
0 0.649708 0.297264 0.054198 0.064491
0 0.618805 0.350014 0.055318 0.064102
0 0.516125 0.332500 0.041208 0.073648
0 0.549156 0.375097 0.045906 0.084806
0 0.449385 0.294676 0.051510 0.061704
0 0.477828 0.360366 0.042104 0.078435
0 0.565354 0.396940 0.045000 0.085083
0 0.589607 0.400968 0.046339 0.083565
0 0.675557 0.456796 0.040844 0.074019
0 0.595716 0.436648 0.048776 0.083278
0 0.518875 0.439917 0.051875 0.044389
0 0.548102 0.471917 0.047224 0.066407
0 0.462141 0.433671 0.051615 0.059120
0 0.488167 0.488935 0.049594 0.035981
0 0.553193 0.520468 0.051677 0.073287
0 0.495706 0.525806 0.050516 0.034407
0 0.543128 0.576556 0.052453 0.065722
0 0.636232 0.519065 0.023089 0.082370
0 0.670724 0.561148 0.028104 0.095167
0 0.628401 0.593116 0.045167 0.062750
0 0.588589 0.581963 0.037469 0.081481
0 0.597771 0.638292 0.042823 0.085657
0 0.606388 0.668921 0.045672 0.086250
0 0.638005 0.675588 0.045500 0.067509
0 0.544844 0.667111 0.052771 0.040870
0 0.534318 0.703708 0.051469 0.037787
0 0.541620 0.740981 0.050750 0.037278
0 0.591789 0.734685 0.047859 0.074537
0 0.492951 0.635704 0.051026 0.069889
0 0.476641 0.662917 0.049854 0.069000
0 0.481521 0.717727 0.051167 0.040750
0 0.481424 0.756685 0.050349 0.041333
0 0.439659 0.700958 0.030797 0.097157
0 0.396141 0.689597 0.043083 0.067083
0 0.400622 0.648347 0.046266 0.065287
0 0.421964 0.613875 0.055083 0.045750
0 0.445747 0.569398 0.047807 0.040259
0 0.370482 0.609384 0.043995 0.087435
0 0.354758 0.584556 0.031953 0.084759
0 0.380680 0.533796 0.038964 0.079630
0 0.398370 0.489403 0.051510 0.082417
0 0.422333 0.460139 0.051062 0.072463
0 0.333427 0.464917 0.040760 0.083611
0 0.345185 0.503935 0.048599 0.078833
0 0.405313 0.388676 0.053750 0.062111
0 0.355484 0.385093 0.042323 0.067685
0 0.317414 0.378722 0.022620 0.082815
0 0.416734 0.329667 0.039677 0.096000
0 0.384797 0.310741 0.027292 0.094630
0 0.335867 0.297583 0.037849 0.097537
0 0.354904 0.252593 0.034714 0.093556
0 0.394094 0.238463 0.043219 0.041407
0 0.377745 0.168787 0.046802 0.060519
0 0.410216 0.152463 0.021276 0.058130
