0 0.644018 0.184514 0.022943 0.077528
0 0.670370 0.196310 0.033177 0.062694
0 0.621737 0.151653 0.021234 0.069769
0 0.370484 0.178477 0.032896 0.084250
0 0.381753 0.198597 0.030255 0.082750
0 0.346331 0.247310 0.036922 0.073157
0 0.398477 0.312102 0.028672 0.088556
0 0.366768 0.294769 0.032443 0.080111
0 0.327034 0.347935 0.028349 0.080407
0 0.367180 0.353907 0.044734 0.074278
0 0.332609 0.419509 0.052323 0.034037
0 0.400388 0.452032 0.036589 0.081565
0 0.333854 0.532412 0.034979 0.078046
0 0.359841 0.509000 0.022661 0.081074
0 0.398036 0.509074 0.051125 0.044315
0 0.412591 0.580218 0.048224 0.046565
0 0.377372 0.614778 0.020974 0.084185
0 0.501953 0.512199 0.023698 0.088991
