0 0.498466 0.040657 0.049651 0.044278
0 0.533615 0.067755 0.046865 0.033787
0 0.430872 0.060032 0.041297 0.055639
0 0.472656 0.082898 0.045885 0.061759
0 0.507560 0.110866 0.048172 0.052435
0 0.427706 0.107190 0.052682 0.040028
0 0.392365 0.146597 0.021187 0.064843
0 0.411344 0.177931 0.023625 0.070065
0 0.447576 0.150514 0.050307 0.060065
0 0.454422 0.181958 0.053750 0.042435
0 0.501747 0.166509 0.034839 0.062944
0 0.577773 0.252667 0.023891 0.097074
0 0.655031 0.230926 0.035073 0.063704
0 0.674391 0.275653 0.023323 0.078194
0 0.591065 0.340532 0.054224 0.039435
0 0.567945 0.374472 0.053859 0.047648
0 0.508414 0.297375 0.052578 0.049083
0 0.525190 0.385102 0.028766 0.097241
0 0.493453 0.358801 0.023167 0.082565
0 0.493008 0.234875 0.050307 0.052731
0 0.446797 0.257597 0.048667 0.053306
0 0.394737 0.225704 0.050703 0.087111
0 0.360607 0.185546 0.041641 0.072259
0 0.356286 0.249995 0.050844 0.084343
0 0.345268 0.290333 0.050130 0.085352
0 0.396109 0.311986 0.023792 0.078806
0 0.420117 0.343583 0.023932 0.081574
0 0.649156 0.586417 0.040573 0.050222
0 0.625664 0.647694 0.044370 0.071463
0 0.552385 0.667917 0.049104 0.043148
0 0.582341 0.694042 0.045693 0.044157
0 0.512497 0.732569 0.045880 0.041120
0 0.471070 0.695824 0.021047 0.063370
0 0.403539 0.660597 0.053255 0.062046
0 0.404359 0.578889 0.053583 0.073407
0 0.353294 0.584495 0.029578 0.084602
0 0.376898 0.530231 0.032422 0.075833
0 0.343531 0.497269 0.027490 0.089315
0 0.368635 0.453245 0.054240 0.073120
0 0.372078 0.415199 0.053906 0.074583
0 0.332589 0.408500 0.026708 0.090889
