0 0.504284 0.764426 0.047661 0.038852
0 0.342003 0.303634 0.050839 0.060509
0 0.307901 0.423157 0.024385 0.082241
0 0.372573 0.351213 0.041208 0.080815
0 0.353385 0.464278 0.025167 0.087407
0 0.378773 0.530583 0.023880 0.078685
0 0.319891 0.561370 0.023333 0.089000
0 0.361836 0.652769 0.047151 0.064222
0 0.394219 0.629116 0.049052 0.058361
0 0.406745 0.702685 0.036958 0.092815
0 0.456659 0.751245 0.048672 0.039435
0 0.457354 0.720940 0.049052 0.036954
0 0.465482 0.636412 0.049568 0.078472
0 0.505589 0.679819 0.031531 0.067787
0 0.487698 0.666264 0.031240 0.064657
0 0.580979 0.719630 0.046771 0.056778
0 0.529216 0.727009 0.036516 0.059963
0 0.330060 0.464792 0.023807 0.089120
