0 0.632831 0.382759 0.037380 0.053759
0 0.614992 0.359204 0.049953 0.080333
0 0.600721 0.328699 0.045193 0.060398
0 0.580844 0.310880 0.046208 0.077926
0 0.533445 0.364338 0.048589 0.064028
0 0.586995 0.845042 0.042115 0.069417
0 0.568818 0.811282 0.049948 0.044102
0 0.364740 0.331417 0.034656 0.083963
0 0.418599 0.279468 0.041115 0.073083
0 0.457672 0.233255 0.043156 0.057991
0 0.497255 0.250171 0.042813 0.078528
0 0.553831 0.244731 0.049266 0.065241
0 0.509318 0.283093 0.047229 0.058593
0 0.533273 0.308162 0.044849 0.077324
0 0.448159 0.306653 0.034995 0.064639
0 0.480438 0.318431 0.033635 0.067657
0 0.443573 0.407833 0.037375 0.086981
0 0.523792 0.893130 0.045531 0.050741
0 0.491854 0.878333 0.026500 0.090000
0 0.460083 0.837560 0.018687 0.049528
0 0.662484 0.641694 0.032990 0.052574
0 0.428654 0.886190 0.046214 0.059806
0 0.407078 0.810676 0.032281 0.058593
0 0.378026 0.844806 0.048927 0.045907
0 0.353732 0.775944 0.039755 0.055574
0 0.303242 0.613056 0.029443 0.075352
