0 0.450104 0.116019 0.045677 0.075019
0 0.527141 0.134255 0.032906 0.093602
0 0.545430 0.137181 0.021484 0.059528
0 0.571367 0.166259 0.031161 0.076389
0 0.588049 0.189412 0.035422 0.088435
0 0.623375 0.220898 0.043354 0.067444
0 0.568167 0.271634 0.021688 0.074028
0 0.665930 0.335329 0.034266 0.082769
0 0.632880 0.421130 0.049448 0.072481
0 0.658859 0.487981 0.050604 0.058093
0 0.598156 0.524421 0.051187 0.047287
0 0.660891 0.553412 0.025094 0.083861
0 0.615471 0.559065 0.052026 0.045204
0 0.624169 0.623005 0.020245 0.083269
0 0.598107 0.631356 0.029495 0.080454
0 0.584734 0.671583 0.034844 0.092019
0 0.544323 0.663356 0.043667 0.064769
0 0.554076 0.695032 0.043828 0.067806
0 0.556586 0.729977 0.041484 0.067509
0 0.554411 0.595167 0.041490 0.065426
0 0.526474 0.630560 0.048510 0.055917
0 0.452427 0.501269 0.040479 0.088167
0 0.366234 0.549014 0.053531 0.069287
0 0.327661 0.606079 0.042583 0.072602
0 0.329411 0.466606 0.025260 0.088324
0 0.305156 0.491435 0.021917 0.080296
0 0.306023 0.393500 0.043807 0.077111
0 0.346362 0.351213 0.025880 0.093296
0 0.395346 0.327130 0.027474 0.074019
0 0.374164 0.331116 0.027901 0.069657
0 0.299229 0.308208 0.024292 0.090731
0 0.346143 0.292532 0.038891 0.076861
0 0.341099 0.239838 0.044240 0.067083
0 0.380497 0.239972 0.029057 0.092019
0 0.398281 0.222236 0.022698 0.063231
0 0.419846 0.214412 0.022745 0.063528
0 0.353740 0.175519 0.041656 0.080426
0 0.403232 0.151431 0.051953 0.046583
0 0.404240 0.111815 0.049042 0.039019
