0 0.279242 0.627782 0.026984 0.087602
0 0.474240 0.180199 0.050198 0.039657
0 0.532036 0.199690 0.042333 0.059713
0 0.539154 0.242634 0.049724 0.041509
0 0.574049 0.307792 0.048193 0.061231
0 0.609427 0.308241 0.035802 0.077833
0 0.622495 0.382574 0.033938 0.054000
0 0.595089 0.413796 0.038177 0.064556
0 0.648984 0.465079 0.022208 0.088880
0 0.633745 0.534986 0.037250 0.081176
0 0.608984 0.529134 0.025896 0.078343
0 0.497625 0.612755 0.044740 0.082694
0 0.593083 0.554171 0.039979 0.086417
0 0.616755 0.601764 0.029187 0.074046
0 0.627169 0.641782 0.026547 0.077435
0 0.588964 0.720778 0.037250 0.056056
0 0.523982 0.779639 0.024078 0.086019
0 0.375211 0.791083 0.044453 0.061241
0 0.321031 0.695009 0.040385 0.036500
0 0.337745 0.732412 0.050740 0.034694
0 0.349122 0.632083 0.052943 0.055019
0 0.303878 0.627912 0.038130 0.068046
