0 0.499852 0.121148 0.052328 0.055944
0 0.449044 0.145852 0.048703 0.047315
0 0.492245 0.165236 0.051833 0.066491
0 0.555508 0.147773 0.051776 0.060491
0 0.545779 0.194255 0.046453 0.049602
0 0.551180 0.232606 0.052599 0.065546
0 0.595570 0.185611 0.051651 0.068111
0 0.626042 0.219773 0.038219 0.044861
0 0.639508 0.252046 0.040943 0.053222
0 0.594654 0.289097 0.040307 0.063009
0 0.654635 0.280069 0.037344 0.045324
0 0.672661 0.331116 0.032792 0.091398
0 0.605174 0.348519 0.050984 0.047833
0 0.638570 0.388769 0.050307 0.033074
0 0.698792 0.404218 0.022521 0.083120
0 0.680786 0.429639 0.043198 0.067722
0 0.639505 0.433792 0.048719 0.066472
0 0.586688 0.387259 0.053094 0.046315
0 0.695187 0.511255 0.031469 0.095046
0 0.655185 0.488167 0.045505 0.054259
0 0.672815 0.562995 0.039057 0.086620
0 0.628641 0.541759 0.044740 0.079204
0 0.595557 0.479907 0.028625 0.095722
0 0.548482 0.418565 0.052516 0.066056
0 0.522031 0.470639 0.051948 0.069093
0 0.499742 0.420213 0.050307 0.070722
0 0.543510 0.360343 0.032281 0.084185
0 0.556948 0.309949 0.034906 0.099343
0 0.461281 0.351213 0.048594 0.065278
0 0.466852 0.303449 0.046266 0.062454
0 0.486044 0.247986 0.020807 0.077491
0 0.505628 0.267940 0.022286 0.074861
0 0.413055 0.201250 0.043057 0.041370
0 0.421411 0.244227 0.044542 0.038935
0 0.374857 0.244083 0.038557 0.092259
0 0.412016 0.278537 0.054813 0.063722
0 0.365352 0.308620 0.045036 0.035278
0 0.362445 0.348148 0.054807 0.049370
0 0.369753 0.421898 0.033922 0.070500
0 0.341732 0.418403 0.035557 0.073417
0 0.385630 0.486315 0.043052 0.046833
0 0.326857 0.493991 0.025495 0.093907
0 0.351289 0.534528 0.026766 0.093407
0 0.510513 0.794384 0.053391 0.048083
