0 0.418219 0.438727 0.043479 0.070713
0 0.338049 0.495380 0.052516 0.039444
0 0.338240 0.531954 0.044552 0.041796
0 0.376159 0.507852 0.030141 0.079204
0 0.417302 0.511727 0.039625 0.076176
0 0.339682 0.589431 0.041292 0.083898
0 0.378768 0.570583 0.048130 0.037796
0 0.395594 0.630134 0.036969 0.084269
0 0.374833 0.661481 0.043229 0.084944
0 0.429057 0.704287 0.048917 0.039778
0 0.443273 0.633676 0.025026 0.075167
0 0.465974 0.744102 0.050135 0.049352
0 0.497195 0.714218 0.046026 0.041787
0 0.480721 0.594884 0.049328 0.036343
0 0.481211 0.630787 0.049818 0.039815
0 0.480352 0.666037 0.049818 0.045481
0 0.431625 0.554708 0.038344 0.069620
0 0.456943 0.548005 0.039490 0.084769
0 0.505302 0.546713 0.047448 0.074519
0 0.523302 0.525843 0.043052 0.071500
0 0.552151 0.482009 0.024646 0.082074
0 0.556250 0.559468 0.039354 0.087824
0 0.541016 0.620079 0.045042 0.042435
0 0.536260 0.690426 0.051833 0.048852
0 0.544823 0.741523 0.044552 0.056139
0 0.560930 0.662861 0.050922 0.042648
0 0.594409 0.694963 0.041005 0.076815
0 0.593414 0.609745 0.046391 0.067028
0 0.611594 0.620301 0.044062 0.065065
0 0.634469 0.639532 0.045167 0.066583
0 0.581214 0.570972 0.043823 0.072463
0 0.586966 0.505796 0.047682 0.050389
0 0.619167 0.525171 0.026875 0.089139
0 0.637354 0.548181 0.036708 0.075157
0 0.672997 0.507917 0.034839 0.083333
0 0.665161 0.457759 0.037031 0.083019
