0 0.565042 0.050227 0.042073 0.062713
0 0.483570 0.039690 0.048870 0.065806
0 0.498823 0.075028 0.046990 0.057315
0 0.542010 0.096417 0.050167 0.057833
0 0.566807 0.122889 0.049448 0.053722
0 0.419146 0.092407 0.048000 0.053204
0 0.457674 0.100375 0.029057 0.063491
0 0.495523 0.111269 0.044109 0.048204
0 0.494870 0.145537 0.047146 0.038037
0 0.487146 0.186176 0.047677 0.066889
0 0.447164 0.155083 0.027599 0.060667
0 0.432109 0.176806 0.035635 0.096333
0 0.388951 0.202843 0.031620 0.094870
0 0.359708 0.212148 0.038479 0.069593
0 0.404036 0.259440 0.039479 0.088620
0 0.427625 0.273417 0.047510 0.066611
0 0.357534 0.283824 0.052859 0.063056
0 0.463648 0.284435 0.024724 0.096130
0 0.507164 0.253463 0.034266 0.071204
0 0.352273 0.334995 0.041786 0.080713
0 0.400781 0.361597 0.050312 0.086102
0 0.357841 0.386273 0.049734 0.069139
0 0.353284 0.451884 0.037807 0.081194
0 0.401378 0.454708 0.034964 0.091602
0 0.434753 0.420954 0.026099 0.085944
0 0.482177 0.417389 0.023250 0.084759
0 0.379341 0.503093 0.047422 0.083278
0 0.370148 0.547306 0.044516 0.082241
0 0.417372 0.508255 0.029807 0.087398
0 0.429763 0.566403 0.036776 0.090843
0 0.406797 0.617037 0.048865 0.073259
0 0.479388 0.597407 0.021870 0.069852
0 0.457919 0.669995 0.044120 0.088787
0 0.480427 0.682537 0.034042 0.053352
0 0.519885 0.626694 0.048344 0.035685
0 0.520219 0.709667 0.049687 0.039852
0 0.557388 0.520287 0.047984 0.057537
0 0.560701 0.575204 0.048234 0.055093
0 0.568010 0.634120 0.032240 0.097074
0 0.577977 0.696505 0.049786 0.042269
0 0.602534 0.638699 0.045099 0.066546
0 0.608227 0.583741 0.051953 0.067259
0 0.608747 0.528852 0.047276 0.040611
0 0.583172 0.432000 0.028771 0.094852
0 0.696896 0.465819 0.036990 0.036657
0 0.637102 0.482259 0.042609 0.042426
0 0.686339 0.509833 0.041042 0.041278
0 0.658542 0.552681 0.036438 0.071454
0 0.637909 0.630546 0.041807 0.087407
